25.055400848388672,121.56700134277344
25.04840087890625,121.55400085449219
25.046100616455078,121.55100250244141
25.062799453735352,121.56400299072266
25.051399230957031,121.55899810791016
25.050199508666992,121.572998046875
25.050600051879883,121.55799865722656
25.050300598144531,121.55400085449219
25.063800811767578,121.56600189208984
25.049999237060547,121.55400085449219
25.050600051879883,121.56600189208984
25.051799774169922,121.55899810791016
25.041475296020508,121.56656646728516
25.041299819946289,121.56700134277344
25.035999298095703,121.56099700927734
25.036630630493164,121.56126403808594
25.036630630493164,121.56126403808594
25.033300399780273,121.56300354003906
25.038900375366211,121.58599853515625
25.037799835205078,121.58000183105469
25.045400619506836,121.57399749755859
25.038000106811523,121.57499694824219
25.0447998046875,121.58100128173828
25.035486221313477,121.56446838378906
25.035486221313477,121.56446838378906
25.035400390625,121.56400299072266
25.028499603271484,121.56300354003906
25.045900344848633,121.56999969482422
25.037700653076172,121.56400299072266
25.037799835205078,121.5780029296875
25.049299240112305,121.57900238037109
25.034500122070312,121.52400207519531
25.032199859619141,121.55100250244141
25.028299331665039,121.54299926757813
25.042900085449219,121.55599975585938
25.041900634765625,121.55100250244141
25.020900726318359,121.55500030517578
25.041799545288086,121.54299926757813
25.042999267578125,121.54199981689453
25.039100646972656,121.55599975585938
25.034500122070312,121.53800201416016
25.032234191894531,121.55145263671875
25.026500701904297,121.52300262451172
25.036800384521484,121.55000305175781
25.026899337768555,121.52899932861328
25.026100158691406,121.52799987792969
25.042699813842773,121.54499816894531
25.036699295043945,121.55500030517578
25.029600143432617,121.55599975585938
25.044099807739258,121.55799865722656
25.047199249267578,121.53299713134766
25.049999237060547,121.52500152587891
25.061599731445312,121.52400207519531
25.057699203491211,121.52200317382813
25.059099197387695,121.52899932861328
25.060199737548828,121.52500152587891
25.057100296020508,121.52400207519531
25.0580997467041,121.52200317382813
25.056699752807617,121.53299713134766
25.066999435424805,121.52200317382813
25.066600799560547,121.53199768066406
25.057600021362305,121.52100372314453
25.04840087890625,121.54199981689453
25.054599761962891,121.53700256347656
25.048299789428711,121.53600311279297
25.0625,121.54100036621094
25.0625,121.52100372314453
25.048299789428711,121.53299713134766
25.066699981689453,121.52899932861328
25.029499053955078,121.51399993896484
25.044500350952148,121.5260009765625
25.043600082397461,121.52999877929688
25.042699813842773,121.51799774169922
25.025100708007812,121.51899719238281
25.045099258422852,121.51499938964844
25.032600402832031,121.51699829101563
25.036800384521484,121.51100158691406
25.047199249267578,121.51399993896484
25.047500610351562,121.51399993896484
25.045299530029297,121.53199768066406
25.041500091552734,121.51000213623047
25.041799545288086,121.51699829101563
25.019100189208984,121.52799987792969
25.043699264526367,121.53199768066406
25.045799255371094,121.51599884033203
25.044599533081055,121.51499938964844
25.034799575805664,121.50700378417969
25.043300628662109,121.52500152587891
25.042299270629883,121.50900268554688
25.044500350952148,121.51899719238281
25.0492000579834,121.51799774169922
25.055210113525391,121.50999450683594
25.056999206542969,121.51100158691406
25.051599502563477,121.51399993896484
25.052600860595703,121.51999664306641
25.050600051879883,121.51300048828125
25.048786163330078,121.51856994628906
25.049299240112305,121.51799774169922
25.07080078125,121.51999664306641
25.0531005859375,121.51899719238281
25.052499771118164,121.51899719238281
25.065999984741211,121.51499938964844
25.074699401855469,121.51599884033203
25.07390022277832,121.51899719238281
25.0625,121.51100158691406
25.055099487304688,121.51000213623047
25.058300018310547,121.51300048828125
25.053499221801758,121.50900268554688
25.064699172973633,121.51100158691406
25.026300430297852,121.5
25.040500640869141,121.50599670410156
25.030500411987305,121.49600219726563
25.036800384521484,121.49700164794922
25.036899566650391,121.49900054931641
25.035999298095703,121.49800109863281
25.0231990814209,121.49299621582031
25.038000106811523,121.49800109863281
25.045600891113281,121.50700378417969
25.03019905090332,121.49400329589844
24.981800079345703,121.57900238037109
24.998346328735352,121.58103942871094
24.981899261474609,121.55999755859375
24.983800888061523,121.56900024414063
24.986600875854492,121.54599761962891
25.002099990844727,121.54900360107422
25.0,121.55599975585938
25.007499694824219,121.53500366210938
24.9950008392334,121.58399963378906
24.990100860595703,121.54799652099609
24.987699508666992,121.57499694824219
24.99370002746582,121.53900146484375
25.002399444580078,121.53900146484375
24.970800399780273,121.60500335693359
24.979700088500977,121.58200073242188
24.98699951171875,121.57599639892578
25.002399444580078,121.55500030517578
25.047700881958008,121.58100128173828
25.054500579833984,121.59300231933594
25.04640007019043,121.58599853515625
25.053300857543945,121.61599731445313
25.048900604248047,121.58799743652344
25.051300048828125,121.59400177001953
25.050399780273438,121.58200073242188
25.046499252319336,121.58100128173828
25.054399490356445,121.60600280761719
25.042800903320312,121.61599731445313
25.055700302124023,121.61699676513672
25.053699493408203,121.60700225830078
25.03809928894043,121.62200164794922
25.07029914855957,121.60900115966797
25.073400497436523,121.57399749755859
25.082700729370117,121.56300354003906
25.062999725341797,121.58000183105469
25.079900741577148,121.56500244140625
25.072999954223633,121.5780029296875
25.07349967956543,121.57599639892578
25.069700241088867,121.58100128173828
25.068300247192383,121.61599731445313
25.084800720214844,121.59300231933594
25.071699142456055,121.59500122070313
25.057899475097656,121.58699798583984
25.062999725341797,121.57499694824219
25.088300704956055,121.60099792480469
25.062999725341797,121.60099792480469
25.070499420166016,121.61900329589844
25.069299697875977,121.58799743652344
25.0674991607666,121.58999633789063
25.056499481201172,121.57599639892578
25.07550048828125,121.60800170898438
25.062599182128906,121.57499694824219
25.070499420166016,121.61100006103516
25.073299407958984,121.60399627685547
25.07029914855957,121.59300231933594
25.078899383544922,121.56800079345703
25.064699172973633,121.58100128173828
25.080299377441406,121.56999969482422
25.069099426269531,121.59200286865234
25.068599700927734,121.58499908447266
25.073400497436523,121.61900329589844
25.086700439453125,121.56099700927734
25.07659912109375,121.57700347900391
25.114299774169922,121.52700042724609
25.089099884033203,121.51100158691406
25.124599456787109,121.53299713134766
25.088800430297852,121.50900268554688
25.087499618530273,121.50700378417969
25.088499069213867,121.50499725341797
25.108400344848633,121.47100067138672
25.105300903320312,121.53199768066406
25.08650016784668,121.52500152587891
25.082199096679688,121.51000213623047
25.08329963684082,121.52100372314453
25.086799621582031,121.52799987792969
25.135700225830078,121.47899627685547
25.1299991607666,121.52799987792969
25.125400543212891,121.47200012207031
25.120183944702148,121.52015686035156
25.111299514770508,121.51899719238281
25.13800048828125,121.50299835205078
25.134300231933594,121.46900177001953
25.118499755859375,121.51599884033203
25.126100540161133,121.50099945068359
25.133899688720703,121.49600219726563
25.145299911499023,121.52700042724609
25.143499374389648,121.49800109863281
25.1382999420166,121.48500061035156
25.130699157714844,121.50199890136719
25.122499465942383,121.46700286865234
25.119100570678711,121.51899719238281
25.114700317382812,121.51799774169922
25.140600204467773,121.49299621582031
25.083999633789062,121.69599914550781
25.08489990234375,121.69499969482422
25.098800659179688,121.75399780273438
25.130300521850586,121.74400329589844
25.133100509643555,121.73999786376953
25.127300262451172,121.74099731445313
25.126800537109375,121.74199676513672
25.128499984741211,121.74400329589844
25.130399703979492,121.74900054931641
25.0314998626709,121.47100067138672
25.016899108886719,121.46099853515625
24.997299194335938,121.45700073242188
25.027000427246094,121.46199798583984
25.030300140380859,121.47200012207031
25.027900695800781,121.46900177001953
25.025199890136719,121.46900177001953
25.005300521850586,121.45700073242188
25.021900177001953,121.46299743652344
25.032100677490234,121.47200012207031
25.02239990234375,121.46499633789063
25.019800186157227,121.45400238037109
25.031400680541992,121.4739990234375
24.997100830078125,121.45899963378906
25.031099319458008,121.46399688720703
25.028400421142578,121.4739990234375
25.021400451660156,121.4739990234375
25.017999649047852,121.4739990234375
25.008899688720703,121.46099853515625
25.002199172973633,121.44400024414063
24.993799209594727,121.43000030517578
25.027200698852539,121.47799682617188
25.00779914855957,121.44599914550781
25.002899169921875,121.45400238037109
25.028364181518555,121.47415161132813
25.026399612426758,121.45899963378906
25.034000396728516,121.47899627685547
25.033300399780273,121.48000335693359
25.007900238037109,121.45400238037109
24.998699188232422,121.46099853515625
25.026699066162109,121.47299957275391
24.996200561523438,121.46299743652344
25.002700805664062,121.45600128173828
25.012899398803711,121.44599914550781
25.027700424194336,121.46399688720703
25.020099639892578,121.46099853515625
25.009799957275391,121.45999908447266
25.011100769042969,121.44499969482422
25.001100540161133,121.46499633789063
24.999099731445312,121.44300079345703
25.026100158691406,121.47699737548828
25.00670051574707,121.46900177001953
25.033199310302734,121.47499847412109
25.062000274658203,121.49299621582031
25.073299407958984,121.49900054931641
25.046499252319336,121.46800231933594
25.049600601196289,121.48000335693359
25.062299728393555,121.49800109863281
25.060600280761719,121.49299621582031
25.066299438476562,121.49500274658203
25.059999465942383,121.46900177001953
25.074800491333008,121.48400115966797
25.0802001953125,121.48600006103516
25.083099365234375,121.48799896240234
25.058300018310547,121.49500274658203
25.060600280761719,121.50099945068359
25.079700469970703,121.49199676513672
25.084400177001953,121.48799896240234
25.060699462890625,121.48300170898438
25.059600830078125,121.49600219726563
25.067899703979492,121.5
25.056800842285156,121.49700164794922
25.073200225830078,121.49600219726563
25.065200805664062,121.49299621582031
25.054792404174805,121.46927642822266
25.063699722290039,121.49900054931641
25.06450080871582,121.48699951171875
25.066200256347656,121.5
25.04210090637207,121.46600341796875
25.077999114990234,121.48699951171875
25.0846004486084,121.49600219726563
25.083999633789062,121.48500061035156
25.055900573730469,121.47200012207031
25.078300476074219,121.48200225830078
25.058900833129883,121.48500061035156
25.05780029296875,121.49700164794922
25.068500518798828,121.48100280761719
25.072200775146484,121.47100067138672
25.061399459838867,121.49600219726563
25.077400207519531,121.47899627685547
25.080699920654297,121.49099731445313
25.08180046081543,121.49299621582031
25.076000213623047,121.5
25.068300247192383,121.49299621582031
25.068271636962891,121.46932220458984
25.067899703979492,121.50299835205078
25.052299499511719,121.49199676513672
25.084199905395508,121.49099731445313
25.080900192260742,121.48799896240234
25.063199996948242,121.48500061035156
25.06920051574707,121.49600219726563
25.078899383544922,121.48899841308594
25.053699493408203,121.48799896240234
25.055900573730469,121.46900177001953
25.08180046081543,121.49700164794922
25.057399749755859,121.46900177001953
25.049299240112305,121.47000122070313
25.081399917602539,121.49400329589844
25.071300506591797,121.48400115966797
25.063699722290039,121.49500274658203
25.074399948120117,121.48200225830078
25.07349967956543,121.49199676513672
25.079999923706055,121.48100280761719
25.071699142456055,121.47200012207031
25.071500778198242,121.49299621582031
25.062799453735352,121.50299835205078
25.078300476074219,121.49299621582031
25.063299179077148,121.48899841308594
25.052299499511719,121.46900177001953
25.066799163818359,121.49800109863281
25.055599212646484,121.48600006103516
25.062999725341797,121.48300170898438
25.063699722290039,121.50099945068359
25.050399780273438,121.47200012207031
25.069999694824219,121.48799896240234
25.055200576782227,121.48600006103516
25.064199447631836,121.48300170898438
24.980400085449219,121.50599670410156
24.994199752807617,121.48100280761719
25.003200531005859,121.47499847412109
25.001800537109375,121.49800109863281
24.994400024414062,121.48999786376953
25.00469970703125,121.5
24.98390007019043,121.50399780273438
25.005599975585938,121.49099731445313
25.003599166870117,121.50599670410156
25.00309944152832,121.51200103759766
25.002700805664062,121.49299621582031
25.007871627807617,121.47972869873047
24.998100280761719,121.50199890136719
24.99839973449707,121.48799896240234
25.00779914855957,121.48000335693359
24.988700866699219,121.51100158691406
25.009500503540039,121.47799682617188
25.011800765991211,121.48400115966797
25.000999450683594,121.5
25.006799697875977,121.48999786376953
24.999200820922852,121.48400115966797
24.993099212646484,121.50499725341797
24.993400573730469,121.52200317382813
25.007699966430664,121.5260009765625
25.005899429321289,121.51699829101563
25.009000778198242,121.51100158691406
25.003799438476562,121.51899719238281
25.0044002532959,121.51799774169922
25.013700485229492,121.51799774169922
25.01409912109375,121.51499938964844
25.053199768066406,121.45800018310547
25.033700942993164,121.43499755859375
25.034299850463867,121.44899749755859
25.047300338745117,121.44899749755859
25.048299789428711,121.45600128173828
25.043699264526367,121.44805145263672
25.043699264526367,121.447998046875
25.050899505615234,121.45400238037109
25.035699844360352,121.43299865722656
25.048099517822266,121.45099639892578
25.012599945068359,121.43399810791016
25.020500183105469,121.43399810791016
25.034299850463867,121.4530029296875
25.0575008392334,121.46600341796875
25.046499252319336,121.46499633789063
25.0221004486084,121.41300201416016
25.03019905090332,121.44599914550781
25.043399810791016,121.46499633789063
25.057399749755859,121.46099853515625
25.028600692749023,121.44300079345703
25.054300308227539,121.46299743652344
25.049400329589844,121.45500183105469
25.044000625610352,121.45400238037109
25.027200698852539,121.41600036621094
25.050899505615234,121.45099639892578
25.026800155639648,121.4219970703125
25.023599624633789,121.41899871826172
25.051200866699219,121.46600341796875
25.043800354003906,121.45800018310547
24.975099563598633,121.51699829101563
24.974300384521484,121.53800201416016
24.979400634765625,121.53900146484375
24.98539924621582,121.53299713134766
24.975200653076172,121.54000091552734
24.976900100708008,121.53500366210938
24.985500335693359,121.54199981689453
24.969499588012695,121.51699829101563
24.986099243164062,121.52100372314453
24.979999542236328,121.54900360107422
24.95159912109375,121.48600006103516
24.982900619506836,121.51799774169922
24.951705932617188,121.48648834228516
24.976900100708008,121.53700256347656
24.981599807739258,121.42400360107422
24.985000610351562,121.42299652099609
24.960100173950195,121.40299987792969
25.00629997253418,121.41200256347656
24.977500915527344,121.41699981689453
24.997800827026367,121.427001953125
24.993400573730469,121.42800140380859
24.9867000579834,121.41699981689453
25.014799118041992,121.42099761962891
25.015499114990234,121.41300201416016
24.956600189208984,121.39499664306641
24.974761962890625,121.40444183349609
24.97599983215332,121.40299987792969
24.99169921875,121.42099761962891
25.016199111938477,121.41000366210938
24.951900482177734,121.37400054931641
24.99220085144043,121.427001953125
24.982000350952148,121.41500091552734
24.988800048828125,121.45099639892578
24.989099502563477,121.46600341796875
24.99329948425293,121.45500183105469
24.972900390625,121.45700073242188
24.9862003326416,121.45400238037109
24.983299255371094,121.45400238037109
24.974899291992188,121.44300079345703
24.986400604248047,121.47000122070313
24.971399307250977,121.45999908447266
24.978900909423828,121.46099853515625
24.984699249267578,121.46499633789063
24.960500717163086,121.41999816894531
24.984199523925781,121.46399688720703
25.088499069213867,121.46299743652344
25.090900421142578,121.45899963378906
25.081399917602539,121.46900177001953
25.085300445556641,121.46399688720703
25.079200744628906,121.47200012207031
25.08289909362793,121.47100067138672
25.079500198364258,121.4739990234375
25.090900421142578,121.46499633789063
25.089700698852539,121.45800018310547
25.089500427246094,121.47200012207031
25.08650016784668,121.48200225830078
25.080099105834961,121.46299743652344
25.082799911499023,121.47699737548828
25.056499481201172,121.62799835205078
25.078399658203125,121.67600250244141
25.063499450683594,121.65499877929688
25.069700241088867,121.63899993896484
25.063899993896484,121.63200378417969
25.06089973449707,121.64900207519531
25.061500549316406,121.64600372314453
25.064899444580078,121.63200378417969
25.078699111938477,121.62599945068359
24.968000411987305,121.33000183105469
24.972700119018555,121.33699798583984
24.95989990234375,121.33300018310547
24.972900390625,121.34600067138672
24.952499389648438,121.35199737548828
24.909799575805664,121.36599731445313
24.929500579833984,121.375
24.936100006103516,121.37200164794922
24.919300079345703,121.36699676513672
24.938800811767578,121.36699676513672
25.181800842285156,121.41400146484375
25.185600280761719,121.43099975585938
25.168300628662109,121.44499969482422
25.169200897216797,121.447998046875
25.232500076293945,121.45400238037109
25.159999847412109,121.45700073242188
25.179000854492188,121.44899749755859
25.175899505615234,121.45700073242188
25.136100769042969,121.46099853515625
25.176799774169922,121.43399810791016
25.139499664306641,121.45999908447266
25.177400588989258,121.43699645996094
25.189300537109375,121.43800354003906
25.175600051879883,121.4530029296875
25.185100555419922,121.48200225830078
25.179399490356445,121.44999694824219
25.109399795532227,121.84300231933594
25.075300216674805,121.43399810791016
25.084400177001953,121.43800354003906
25.089899063110352,121.44200134277344
25.063800811767578,121.447998046875
25.074499130249023,121.46800231933594
25.0939998626709,121.44599914550781
25.068399429321289,121.45200347900391
25.074300765991211,121.46299743652344
25.06410026550293,121.4530029296875
25.092500686645508,121.44499969482422
25.088499069213867,121.43399810791016
25.067800521850586,121.43499755859375
25.066600799560547,121.41999816894531
25.045700073242188,121.42600250244141
25.090999603271484,121.38500213623047
25.079500198364258,121.39600372314453
25.081300735473633,121.39499664306641
25.069499969482422,121.37200164794922
25.070999145507812,121.36299896240234
25.077199935913086,121.37100219726563
25.0039005279541,121.61900329589844
25.008899688720703,121.64499664306641
24.991399765014648,121.65899658203125
25.0,121.65000152587891
25.257699966430664,121.50399780273438
25.158300399780273,121.41200256347656
25.159299850463867,121.41300201416016
25.145299911499023,121.39600372314453
25.140300750732422,121.447998046875
25.13170051574707,121.45099639892578
25.222400665283203,121.63600158691406
25.017999649047852,121.29100036621094
24.985500335693359,121.28800201416016
25.02440071105957,121.2969970703125
25.000900268554688,121.30500030517578
24.9862003326416,121.31900024414063
24.972400665283203,121.322998046875
25.003299713134766,121.31900024414063
25.005300521850586,121.29799652099609
25.0226993560791,121.31199645996094
25.012199401855469,121.29900360107422
24.975500106811523,121.30899810791016
24.9862003326416,121.26799774169922
24.983100891113281,121.30400085449219
24.978300094604492,121.31999969482422
24.985099792480469,121.30599975585938
24.999700546264648,121.31999969482422
25.009300231933594,121.30500030517578
24.999000549316406,121.31800079345703
24.99530029296875,121.28600311279297
25.015899658203125,121.31199645996094
24.992900848388672,121.31300354003906
25.006399154663086,121.32099914550781
25.000999450683594,121.30100250244141
25.0008544921875,121.30054473876953
25.013999938964844,121.31199645996094
24.990999221801758,121.31099700927734
24.97559928894043,121.32399749755859
25.012899398803711,121.31800079345703
25.018899917602539,121.29900360107422
25.018827438354492,121.29960632324219
25.021400451660156,121.29000091552734
24.990900039672852,121.30100250244141
24.993200302124023,121.2760009765625
24.980800628662109,121.31999969482422
25.003299713134766,121.30100250244141
25.007499694824219,121.32099914550781
25.011499404907227,121.29900360107422
24.988100051879883,121.29599761962891
24.98900032043457,121.31900024414063
24.965900421142578,121.21700286865234
25.004100799560547,121.25099945068359
24.941499710083008,121.25099945068359
24.977500915527344,121.23400115966797
24.957300186157227,121.22000122070313
24.975299835205078,121.25499725341797
24.9507999420166,121.25700378417969
24.981000900268555,121.24900054931641
24.962200164794922,121.21800231933594
24.937099456787109,121.23300170898438
24.927999496459961,121.24900054931641
24.939699172973633,121.24500274658203
24.95989990234375,121.20999908447266
24.957099914550781,121.21299743652344
24.960800170898438,121.20700073242188
24.962820053100586,121.20491790771484
24.955699920654297,121.21399688720703
24.930900573730469,121.25499725341797
24.976900100708008,121.24500274658203
24.961399078369141,121.22599792480469
25.000699996948242,121.23000335693359
24.971000671386719,121.2239990234375
24.962799072265625,121.22000122070313
24.983299255371094,121.25099945068359
24.937900543212891,121.26100158691406
24.982400894165039,121.22299957275391
24.979900360107422,121.25399780273438
24.968099594116211,121.23300170898438
24.966400146484375,121.20400238037109
24.985288619995117,121.18603515625
24.958900451660156,121.26000213623047
24.988199234008789,121.24199676513672
24.947999954223633,121.24500274658203
24.95680046081543,121.21700286865234
24.997100830078125,121.24500274658203
24.975900650024414,121.24500274658203
25.003530502319336,121.23248291015625
24.965200424194336,121.25199890136719
24.979400634765625,121.19400024414063
24.966800689697266,121.27700042724609
24.965579986572266,121.310791015625
24.957700729370117,121.30599975585938
24.932899475097656,121.27100372314453
24.959400177001953,121.29199981689453
24.965499877929688,121.30899810791016
24.958499908447266,121.31900024414063
24.92919921875,121.28399658203125
24.970600128173828,121.32700347900391
24.948799133300781,121.28399658203125
24.943199157714844,121.30100250244141
24.9330997467041,121.26399993896484
24.944599151611328,121.2969970703125
24.978700637817383,121.2760009765625
24.970500946044922,121.27999877929688
24.933000564575195,121.30000305175781
24.961999893188477,121.32099914550781
24.973300933837891,121.30000305175781
24.927400588989258,121.25700378417969
24.97559928894043,121.29900360107422
24.952899932861328,121.29100036621094
24.96150016784668,121.29299926757813
24.969999313354492,121.32399749755859
24.933000564575195,121.21499633789063
24.946199417114258,121.20099639892578
24.900299072265625,121.20800018310547
24.955900192260742,121.21199798583984
24.924400329589844,121.24400329589844
24.927400588989258,121.2239990234375
24.959199905395508,121.18299865722656
24.958700180053711,121.19200134277344
24.904399871826172,121.24900054931641
24.893999099731445,121.21099853515625
24.944000244140625,121.18499755859375
24.930599212646484,121.21900177001953
24.945899963378906,121.20500183105469
24.922399520874023,121.19200134277344
24.904199600219727,121.21099853515625
24.895900726318359,121.20500183105469
24.899499893188477,121.20500183105469
24.900999069213867,121.21399688720703
24.904300689697266,121.21199798583984
24.919000625610352,121.25
24.991905212402344,121.31179046630859
25.058500289916992,121.38500213623047
25.044200897216797,121.36100006103516
25.051399230957031,121.37999725341797
25.024599075317383,121.35199737548828
25.048000335693359,121.36000061035156
25.029899597167969,121.38999938964844
25.034599304199219,121.39099884033203
25.045999526977539,121.35600280761719
24.990999221801758,121.33399963378906
25.053199768066406,121.37100219726563
25.059499740600586,121.36199951171875
25.034799575805664,121.38899993896484
25.034700393676758,121.30300140380859
25.05780029296875,121.36399841308594
24.987499237060547,121.3489990234375
25.059799194335938,121.36799621582031
25.046100616455078,121.302001953125
25.058799743652344,121.37000274658203
25.055599212646484,121.36499786376953
24.861499786376953,121.29499816894531
24.881900787353516,121.26499938964844
24.832300186157227,121.33100128173828
24.899299621582031,121.28399658203125
24.88330078125,121.29499816894531
24.910400390625,121.28800201416016
24.915500640869141,121.14399719238281
24.92289924621582,121.16899871826172
24.9375,121.16600036621094
24.91710090637207,121.15599822998047
24.908599853515625,121.18099975585938
24.906999588012695,121.17299652099609
24.958599090576172,121.17400360107422
24.921199798583984,121.12799835205078
24.923500061035156,121.1719970703125
24.902500152587891,121.14900207519531
24.904499053955078,121.12899780273438
24.918800354003906,121.18599700927734
24.901599884033203,121.18199920654297
24.907499313354492,121.177001953125
24.913400650024414,121.14600372314453
24.912599563598633,121.08399963378906
24.912900924682617,121.12599945068359
24.936700820922852,121.12400054931641
24.935100555419922,121.08499908447266
24.921100616455078,121.16999816894531
24.93120002746582,121.16600036621094
24.930200576782227,121.17299652099609
25.032600402832031,121.27200317382813
25.066600799560547,121.29100036621094
25.07080078125,121.28500366210938
25.057699203491211,121.28900146484375
25.048599243164062,121.28800201416016
25.064699172973633,121.28800201416016
25.055700302124023,121.27700042724609
25.091999053955078,121.26899719238281
25.037599563598633,121.25399780273438
25.114299774169922,121.25800323486328
25.071599960327148,121.27700042724609
25.055400848388672,121.28299713134766
25.0531005859375,121.28500366210938
24.993000030517578,121.27400207519531
25.057399749755859,121.27899932861328
25.023500442504883,121.24400329589844
25.024700164794922,121.26000213623047
25.044000625610352,121.2969970703125
25.051799774169922,121.29199981689453
25.040199279785156,121.29000091552734
25.031600952148438,121.25099945068359
25.059999465942383,121.27899932861328
25.105499267578125,121.25800323486328
25.016199111938477,121.26499938964844
25.060600280761719,121.17299652099609
25.039199829101562,121.22899627685547
25.02039909362793,121.23100280761719
25.053400039672852,121.2239990234375
25.056600570678711,121.19599914550781
25.081100463867188,121.18399810791016
25.085399627685547,121.24600219726563
25.107900619506836,121.24199676513672
25.065799713134766,121.19699859619141
25.067899703979492,121.19999694824219
25.109199523925781,121.25
25.069000244140625,121.19499969482422
25.063800811767578,121.19699859619141
25.075300216674805,121.26100158691406
25.020900726318359,121.23899841308594
25.081699371337891,121.23600006103516
25.080400466918945,121.23799896240234
25.116100311279297,121.24400329589844
24.828300476074219,121.19200134277344
24.885799407958984,121.21199798583984
24.888500213623047,121.21199798583984
24.852800369262695,121.22299957275391
24.847999572753906,121.19899749755859
24.835100173950195,121.20700073242188
24.873500823974609,121.23300170898438
24.874399185180664,121.23600006103516
24.854700088500977,121.22000122070313
24.870399475097656,121.22299957275391
24.884000778198242,121.21199798583984
24.867399215698242,121.20700073242188
24.859399795532227,121.21399688720703
24.865400314331055,121.21900177001953
24.833799362182617,121.20700073242188
24.966499328613281,121.0989990234375
24.970100402832031,121.11699676513672
24.958999633789062,121.11499786376953
24.973300933837891,121.0989990234375
24.988899230957031,121.03099822998047
24.98900032043457,121.03099822998047
25.054000854492188,121.12200164794922
25.042999267578125,121.13700103759766
25.010799407958984,121.13700103759766
25.052900314331055,121.12000274658203
25.004899978637695,121.14900207519531
25.026699066162109,121.06400299072266
25.044000625610352,121.14299774169922
25.002199172973633,121.15399932861328
24.791000366210938,121.01799774169922
24.802499771118164,120.97100067138672
24.801700592041016,120.96800231933594
24.801599502563477,121.00499725341797
24.794900894165039,120.96199798583984
24.779600143432617,120.98100280761719
24.802299499511719,120.96700286865234
24.767400741577148,121.02500152587891
24.794599533081055,121.00800323486328
24.813299179077148,120.9739990234375
24.804000854492188,121.00599670410156
24.772600173950195,120.96600341796875
24.799900054931641,120.98999786376953
24.794399261474609,120.97299957275391
24.777700424194336,121.01699829101563
24.805900573730469,120.97699737548828
24.803699493408203,120.98000335693359
24.778999328613281,120.98600006103516
24.781299591064453,121.0260009765625
24.800699234008789,120.99400329589844
24.812000274658203,120.97200012207031
24.796499252319336,120.97000122070313
24.806999206542969,120.97599792480469
24.793399810791016,121.00199890136719
24.808700561523438,120.97299957275391
24.809499740600586,120.97699737548828
24.778799057006836,121.02500152587891
24.802040100097656,120.97120666503906
24.803699493408203,120.97100067138672
24.803779602050781,120.97079467773438
24.768400192260742,120.97699737548828
24.784099578857422,121.02300262451172
24.814399719238281,120.97899627685547
24.77079963684082,121.01699829101563
24.800500869750977,120.96800231933594
24.798000335693359,120.97100067138672
24.7908992767334,120.96499633789063
24.798299789428711,120.99299621582031
24.804399490356445,120.97200012207031
24.781099319458008,120.98699951171875
24.796199798583984,120.96700286865234
24.775899887084961,121.02700042724609
24.809900283813477,120.96800231933594
24.81879997253418,120.96099853515625
24.805400848388672,120.96299743652344
24.816499710083008,120.98000335693359
24.800399780273438,120.95800018310547
24.797000885009766,120.96099853515625
24.802400588989258,120.95500183105469
24.819799423217773,120.96700286865234
24.804899215698242,120.94899749755859
24.798299789428711,120.96299743652344
24.807100296020508,120.96399688720703
24.813400268554688,120.95400238037109
24.808000564575195,120.95800018310547
24.82029914855957,120.9739990234375
24.819400787353516,120.97599792480469
24.822900772094727,120.96900177001953
24.823699951171875,120.97299957275391
24.809900283813477,120.95899963378906
24.795400619506836,120.95600128173828
24.794500350952148,120.95800018310547
24.759300231933594,120.95200347900391
24.799600601196289,120.95099639892578
24.807199478149414,120.92099761962891
24.791200637817383,120.92600250244141
24.768999099731445,120.95700073242188
24.777500152587891,120.94000244140625
24.791000366210938,120.92400360107422
24.830400466918945,121.0260009765625
24.804300308227539,121.02999877929688
24.837699890136719,121.01599884033203
24.832000732421875,121.01200103759766
24.8356990814209,121.00800323486328
24.844600677490234,121.01899719238281
24.802900314331055,121.05100250244141
24.838600158691406,121.00099945068359
24.843099594116211,120.99600219726563
24.840099334716797,121.00299835205078
24.8346004486084,121.01000213623047
24.855600357055664,121.00099945068359
24.83690071105957,121.00499725341797
24.818000793457031,121.02100372314453
24.82859992980957,120.99900054931641
24.860799789428711,120.96299743652344
24.840999603271484,120.98600006103516
24.834400177001953,121.0260009765625
24.860799789428711,120.96399688720703
24.824899673461914,121.0260009765625
24.84589958190918,121.01999664306641
24.831499099731445,121.01799774169922
24.828699111938477,121.01000213623047
24.781299591064453,121.03099822998047
24.662099838256836,121.12100219726563
24.738100051879883,121.08799743652344
24.764999389648438,121.05899810791016
24.825199127197266,121.07700347900391
24.859905242919922,121.01115417480469
24.858762741088867,121.00928497314453
24.888700485229492,121.08899688720703
24.857599258422852,121.00900268554688
24.861499786376953,121.01300048828125
24.870700836181641,121.01499938964844
24.887500762939453,121.052001953125
24.869899749755859,121.02899932861328
24.860300064086914,121.00800323486328
24.867500305175781,121.02400207519531
24.902700424194336,121.03800201416016
24.873199462890625,121.01399993896484
24.916799545288086,121.04799652099609
24.902799606323242,121.04399871826172
24.8981990814209,121.05999755859375
24.911199569702148,120.97899627685547
24.916000366210938,120.98300170898438
24.911222457885742,120.9794921875
24.866899490356445,120.98999786376953
24.882900238037109,120.99400329589844
24.863300323486328,120.98999786376953
24.932699203491211,120.99700164794922
24.777500152587891,121.07700347900391
24.773099899291992,121.08399963378906
24.750600814819336,121.09799957275391
24.778200149536133,121.08899688720703
24.765199661254883,120.99099731445313
24.572500228881836,120.81500244140625
24.555500030517578,120.81600189208984
24.575399398803711,120.82499694824219
24.565900802612305,120.81099700927734
24.559799194335938,120.81800079345703
24.541200637817383,120.81700134277344
24.552799224853516,120.81800079345703
24.569900512695312,120.82399749755859
24.686700820922852,120.87999725341797
24.700700759887695,120.88400268554688
24.706600189208984,120.92600250244141
24.682300567626953,120.86299896240234
24.61039924621582,120.7969970703125
24.612499237060547,120.79399871826172
24.631399154663086,120.76499938964844
24.621700286865234,120.78099822998047
24.61400032043457,120.81500244140625
24.680299758911133,120.94699859619141
24.692899703979492,120.91000366210938
24.686599731445312,120.92900085449219
24.686500549316406,120.91100311279297
24.677700042724609,120.94599914550781
24.688999176025391,120.91000366210938
24.6481990814209,120.84200286865234
24.52869987487793,120.81900024414063
24.503200531005859,120.8280029296875
24.520999908447266,120.82099914550781
24.422800064086914,120.64299774169922
24.443399429321289,120.64800262451172
24.486299514770508,120.78700256347656
24.428699493408203,120.86799621582031
24.390100479125977,120.75800323486328
24.398500442504883,120.76200103759766
24.419399261474609,120.77300262451172
24.239299774169922,120.71299743652344
24.242778778076172,120.72520446777344
24.253700256347656,120.72100067138672
24.247299194335938,120.71499633789063
24.244499206542969,120.70999908447266
24.231700897216797,120.70500183105469
24.251499176025391,120.70600128173828
24.14109992980957,120.68599700927734
24.093900680541992,120.70400238037109
24.109800338745117,120.68099975585938
24.105899810791016,120.69200134277344
24.091699600219727,120.73000335693359
24.11039924621582,120.68399810791016
24.097900390625,120.67500305175781
24.09429931640625,120.71499633789063
24.14430046081543,120.70899963378906
24.129800796508789,120.68299865722656
24.118799209594727,120.6719970703125
24.112199783325195,120.65799713134766
24.112600326538086,120.66999816894531
24.127399444580078,120.66600036621094
24.115699768066406,120.65000152587891
24.117000579833984,120.65899658203125
24.125600814819336,120.70700073242188
24.124399185180664,120.72699737548828
24.157100677490234,120.74400329589844
24.151100158691406,120.73000335693359
24.148000717163086,120.7030029296875
24.131200790405273,120.73799896240234
24.151300430297852,120.71700286865234
24.143299102783203,120.71299743652344
24.108299255371094,120.72499847412109
24.11720085144043,120.70600128173828
24.141199111938477,120.67299652099609
24.151199340820312,120.66500091552734
24.152399063110352,120.65899658203125
24.14776611328125,120.68533325195313
24.148799896240234,120.68299865722656
24.165599822998047,120.68199920654297
24.15839958190918,120.67099761962891
24.17622184753418,120.61555480957031
24.190700531005859,120.59500122070313
24.158700942993164,120.65399932861328
24.17650032043457,120.65000152587891
24.185199737548828,120.61699676513672
24.195999145507812,120.65799713134766
24.188100814819336,120.61799621582031
24.179000854492188,120.64600372314453
24.157899856567383,120.64800262451172
24.176200866699219,120.61599731445313
24.189599990844727,120.64399719238281
24.166500091552734,120.65200042724609
24.329999923706055,120.71199798583984
24.328800201416016,120.71700286865234
24.329700469970703,120.71099853515625
24.330099105834961,120.71700286865234
24.314199447631836,120.69000244140625
24.308349609375,120.72216796875
24.321565628051758,120.70098114013672
24.32086181640625,120.71202087402344
24.3164005279541,120.68599700927734
24.313699722290039,120.69300079345703
24.321565628051758,120.70098114013672
24.1471004486084,120.60500335693359
24.114999771118164,120.62599945068359
24.140800476074219,120.65000152587891
24.140842437744141,120.64971923828125
24.162099838256836,120.60600280761719
24.131900787353516,120.64399719238281
24.140842437744141,120.64971923828125
24.140842437744141,120.64971923828125
24.170499801635742,120.69899749755859
24.193300247192383,120.67099761962891
24.201499938964844,120.67600250244141
24.188699722290039,120.66200256347656
24.193599700927734,120.66100311279297
24.17970085144043,120.71199798583984
24.169300079345703,120.70400238037109
24.17340087890625,120.73600006103516
24.178400039672852,120.72000122070313
24.34925651550293,120.61692047119141
24.390300750732422,120.65399932861328
24.381099700927734,120.6510009765625
24.409599304199219,120.64399719238281
24.355499267578125,120.63200378417969
24.349199295043945,120.61699676513672
24.341100692749023,120.62999725341797
24.300699234008789,120.59600067138672
24.265899658203125,120.55599975585938
24.272199630737305,120.56800079345703
24.251199722290039,120.65699768066406
24.263900756835938,120.69899749755859
24.276800155639648,120.65899658203125
24.258800506591797,120.65599822998047
24.244699478149414,120.552001953125
24.258800506591797,120.53600311279297
24.242500305175781,120.53700256347656
24.22760009765625,120.57399749755859
24.220100402832031,120.58100128173828
24.238500595092773,120.55999755859375
24.25830078125,120.60099792480469
24.217199325561523,120.66600036621094
24.228599548339844,120.63099670410156
24.229499816894531,120.64700317382813
24.240810394287109,120.63087463378906
24.196599960327148,120.71800231933594
24.148500442504883,120.55000305175781
24.113800048828125,120.58999633789063
24.109100341796875,120.64099884033203
24.059499740600586,120.64499664306641
24.083799362182617,120.64399719238281
24.096500396728516,120.63800048828125
24.115999221801758,120.61499786376953
24.085899353027344,120.64800262451172
24.095500946044922,120.65499877929688
24.095500946044922,120.55699920654297
24.058900833129883,120.54499816894531
24.071399688720703,120.54399871826172
24.071300506591797,120.54399871826172
24.076400756835938,120.53299713134766
24.086200714111328,120.5469970703125
24.090299606323242,120.54299926757813
24.094600677490234,120.56999969482422
24.079200744628906,120.52999877929688
24.073299407958984,120.52799987792969
24.071100234985352,120.54299926757813
24.07710075378418,120.41200256347656
24.088899612426758,120.48000335693359
24.050800323486328,120.43599700927734
24.074899673461914,120.4219970703125
24.074798583984375,120.42282867431641
24.077163696289062,120.41158294677734
24.090400695800781,120.48400115966797
24.129299163818359,120.47000122070313
24.021299362182617,120.55799865722656
24.020099639892578,120.54100036621094
24.011299133300781,120.552001953125
24.047800064086914,120.43000030517578
24.027599334716797,120.44300079345703
24.0,120.46299743652344
23.983100891113281,120.57700347900391
23.9552001953125,120.57099914550781
23.949699401855469,120.60099792480469
23.944299697875977,120.59999847412109
23.9596004486084,120.57099914550781
23.962099075317383,120.56400299072266
23.949703216552734,120.60088348388672
23.949703216552734,120.60088348388672
23.953399658203125,120.50299835205078
23.958599090576172,120.4530029296875
23.869899749755859,120.49500274658203
23.918300628662109,120.60600280761719
23.935199737548828,120.60199737548828
23.8530330657959,120.49504852294922
23.853200912475586,120.49500274658203
24.136999130249023,120.50900268554688
24.108200073242188,120.52899932861328
23.930400848388672,120.66799926757813
23.949499130249023,120.69300079345703
23.933500289916992,120.69400024414063
23.972999572753906,120.927001953125
23.994899749755859,120.66600036621094
23.990699768066406,120.66799926757813
23.995500564575195,120.68000030517578
23.753799438476562,120.67800140380859
23.831699371337891,120.71099853515625
23.676300048828125,120.79599761962891
24.023399353027344,120.82599639892578
23.698799133300781,120.53500366210938
23.731599807739258,120.55300140380859
23.722999572753906,120.58300018310547
23.71150016784668,120.54199981689453
23.712499618530273,120.53500366210938
23.703399658203125,120.54399871826172
23.712600708007812,120.54299926757813
23.70210075378418,120.54100036621094
23.673900604248047,120.53700256347656
23.694799423217773,120.52799987792969
23.71150016784668,120.54100036621094
23.710599899291992,120.43499755859375
23.711599349975586,120.44599914550781
23.720600128173828,120.44400024414063
23.703800201416016,120.38700103759766
23.788490295410156,120.47941589355469
23.781099319458008,120.4739990234375
23.781200408935547,120.47599792480469
23.788684844970703,120.47743988037109
23.6825008392334,120.38999938964844
23.758899688720703,120.30799865722656
23.760599136352539,120.35399627685547
23.757699966430664,120.49700164794922
23.775199890136719,120.47899627685547
23.608800888061523,120.54399871826172
23.60844612121582,120.54457092285156
23.631999969482422,120.46800231933594
23.483999252319336,120.46299743652344
23.474000930786133,120.46099853515625
23.489400863647461,120.46399688720703
23.4552001953125,120.45999908447266
23.495700836181641,120.45500183105469
23.469600677490234,120.45800018310547
23.475700378417969,120.44499969482422
23.480199813842773,120.44000244140625
23.477800369262695,120.44999694824219
23.468099594116211,120.44300079345703
23.478799819946289,120.44200134277344
23.45210075378418,120.34600067138672
23.497600555419922,120.36299896240234
23.414499282836914,120.24700164794922
23.597200393676758,120.45800018310547
23.583799362182617,120.49700164794922
23.583732604980469,120.49722290039063
23.520999908447266,120.35199737548828
23.458400726318359,120.15200042724609
23.451700210571289,120.46299743652344
23.49530029296875,120.53800201416016
23.473026275634766,120.69739532470703
23.473100662231445,120.697998046875
23.587400436401367,120.54900360107422
23.585300445556641,120.55500030517578
23.472299575805664,120.53800201416016
23.2992000579834,120.31600189208984
23.000099182128906,120.15399932861328
22.991800308227539,120.18499755859375
23.01409912109375,120.23100280761719
22.99839973449707,120.23999786376953
23.039400100708008,120.23899841308594
23.037500381469727,120.23200225830078
23.041500091552734,120.24800109863281
23.041400909423828,120.23699951171875
23.040199279785156,120.23799896240234
23.007999420166016,120.22599792480469
23.003999710083008,120.19999694824219
23.01099967956543,120.22699737548828
23.339946746826172,120.49392700195313
23.336399078369141,120.50399780273438
23.39579963684082,120.44400024414063
22.9862003326416,120.197998046875
23.324100494384766,120.27500152587891
22.976499557495117,120.19699859619141
22.988399505615234,120.19000244140625
22.966999053955078,120.19200134277344
22.968700408935547,120.18499755859375
22.961700439453125,120.18800354003906
22.989900588989258,120.22100067138672
22.987499237060547,120.21099853515625
22.989599227905273,120.22499847412109
22.959499359130859,120.22699737548828
22.98900032043457,120.21700286865234
22.985000610351562,120.23600006103516
23.286500930786133,120.39700317382813
23.175199508666992,120.48600006103516
23.199300765991211,120.15599822998047
23.180900573730469,120.18299865722656
23.177900314331055,120.22499847412109
23.189599990844727,120.27799987792969
23.2096004486084,120.322998046875
23.187599182128906,120.13300323486328
23.080999374389648,120.22100067138672
22.979000091552734,120.28199768066406
22.924400329589844,120.23999786376953
22.61039924621582,120.36399841308594
22.599199295043945,120.36399841308594
22.603000640869141,120.35600280761719
22.639200210571289,120.36699676513672
22.588199615478516,120.35900115966797
22.588199615478516,120.36599731445313
22.620899200439453,120.37100219726563
22.595399856567383,120.3280029296875
22.630699157714844,120.36799621582031
22.641500473022461,120.3489990234375
22.588100433349609,120.32599639892578
22.624000549316406,120.35700225830078
22.591999053955078,120.32900238037109
22.589700698852539,120.36599731445313
22.629199981689453,120.34400177001953
22.638599395751953,120.35600280761719
22.594100952148438,120.34300231933594
22.634000778198242,120.35399627685547
22.627700805664062,120.26799774169922
22.622100830078125,120.27200317382813
22.619600296020508,120.26999664306641
22.50670051574707,120.39399719238281
22.503799438476562,120.38700103759766
22.596599578857422,120.4010009765625
22.6343994140625,120.39499664306641
22.565999984741211,120.42900085449219
22.640800476074219,120.40899658203125
22.607000350952148,120.427001953125
22.611600875854492,120.41300201416016
22.590900421142578,120.41999816894531
22.569999694824219,120.41999816894531
22.637300491333008,120.39099884033203
22.613700866699219,120.40799713134766
22.61829948425293,120.38800048828125
22.583000183105469,120.42099761962891
22.553899765014648,120.42299652099609
22.663000106811523,120.30899810791016
22.697500228881836,120.28700256347656
22.684299468994141,120.27400207519531
22.70159912109375,120.29100036621094
22.664600372314453,120.30500030517578
22.680883407592773,120.28714752197266
22.701528549194336,120.29041290283203
22.728000640869141,120.31500244140625
22.711999893188477,120.28600311279297
22.728599548339844,120.32599639892578
22.727823257446289,120.32595062255859
22.728200912475586,120.32099914550781
22.727399826049805,120.28099822998047
22.709699630737305,120.44100189208984
22.729799270629883,120.40299987792969
22.727046966552734,120.40475463867188
22.664699554443359,120.32199859619141
22.647899627685547,120.32900238037109
22.649799346923828,120.32399749755859
22.670700073242188,120.31800079345703
22.637100219726562,120.33799743652344
22.63909912109375,120.32700347900391
22.66200065612793,120.31900024414063
22.653600692749023,120.33200073242188
22.676300048828125,120.322998046875
22.637699127197266,120.30599975585938
22.7273006439209,120.35399627685547
22.731300354003906,120.35399627685547
22.632299423217773,120.30000305175781
22.701499938964844,120.34799957275391
22.671699523925781,120.36100006103516
22.6737003326416,120.33399963378906
22.71299934387207,120.33799743652344
22.687099456787109,120.33599853515625
22.677799224853516,120.35600280761719
22.652299880981445,120.33999633789063
22.649499893188477,120.39199829101563
22.619899749755859,120.29599761962891
22.627099990844727,120.29599761962891
22.784454345703125,120.28106689453125
22.799100875854492,120.27899932861328
22.786800384521484,120.27799987792969
22.805400848388672,120.27700042724609
22.797222137451172,120.27850341796875
22.807100296020508,120.30100250244141
22.788700103759766,120.29599761962891
22.629800796508789,120.32900238037109
22.626399993896484,120.34100341796875
22.616647720336914,120.29694366455078
22.623800277709961,120.31700134277344
22.616600036621094,120.33699798583984
22.616800308227539,120.32599639892578
22.619899749755859,120.33200073242188
22.625844955444336,120.34104156494141
22.630100250244141,120.3280029296875
22.749200820922852,120.30599975585938
22.5718994140625,120.32900238037109
22.6072998046875,120.30699920654297
22.59119987487793,120.31300354003906
22.601757049560547,120.30638122558594
22.569900512695312,120.31999969482422
22.610500335693359,120.31800079345703
22.613700866699219,120.30500030517578
22.609100341796875,120.33599853515625
22.574899673461914,120.31700134277344
22.793800354003906,120.36199951171875
22.607200622558594,120.27400207519531
22.565500259399414,120.37000274658203
22.567399978637695,120.36299896240234
22.543500900268555,120.375
22.847600936889648,120.27400207519531
22.857099533081055,120.26100158691406
22.808000564575195,120.24400329589844
22.893199920654297,120.54900360107422
22.969100952148438,120.54100036621094
22.664899826049805,120.48100280761719
22.6697998046875,120.48899841308594
22.683399200439453,120.50199890136719
22.679100036621094,120.50700378417969
22.681600570678711,120.48500061035156
22.674400329589844,120.50299835205078
22.680700302124023,120.47100067138672
22.682300567626953,120.50299835205078
22.459299087524414,120.44999694824219
21.991792678833008,120.74704742431641
21.991399765014648,120.74700164794922
21.945400238037109,120.79799652099609
21.945430755615234,120.79804992675781
21.942800521850586,120.802001953125
21.943193435668945,120.80194091796875
22.715599060058594,120.53199768066406
22.727699279785156,120.54399871826172
22.741399765014648,120.55699920654297
22.609500885009766,120.62200164794922
22.599700927734375,120.55999755859375
22.4330997467041,120.51599884033203
22.072500228881836,120.71399688720703
24.749200820922852,121.76399993896484
24.750799179077148,121.75900268554688
24.748800277709961,121.75099945068359
24.750099182128906,121.74299621582031
24.674800872802734,121.77400207519531
24.680700302124023,121.76100158691406
24.677999496459961,121.77799987792969
24.613000869750977,121.83200073242188
24.464300155639648,121.80100250244141
24.619899749755859,121.83000183105469
24.86829948425293,121.83100128173828
24.817899703979492,121.72299957275391
24.760599136352539,121.79399871826172
24.778299331665039,121.71499633789063
24.666799545288086,121.65399932861328
24.439016342163086,118.39002227783203
24.429086685180664,118.32192993164063