25.0579715,121.5632423
25.0977994,121.5276350
25.0714016,121.6123195
25.0807547,121.5774804
25.0234363,121.5190902
25.0304379,121.5268050
25.0453246,121.5252609
25.0168220,121.5299600
25.0351460,121.5768650
25.0482371,121.5591882
24.9845671,121.5614943
25.1185188,121.5077152
25.0212382,121.4992076
25.0452586,121.5829712
25.0726046,121.5135390
25.0570440,121.5289475
25.0729987,121.6193126
25.0682635,121.5109470
25.0441404,121.5770359
25.0398138,121.5843242
25.0631561,121.5317477
25.0019978,121.5417922
25.0699338,121.6136540
25.1360530,121.4975230
25.0979831,121.5195417
25.0449625,121.5863928
24.9971180,121.5445260
25.0202208,121.5526471
25.0580581,121.5649048
25.1085390,121.5164771
24.9990833,121.5576188
25.0474880,121.5520003
25.0272290,121.5622670
25.0542195,121.5513375
25.1078503,121.5249360
25.0796090,121.5451210
25.0909036,121.5203088
25.0398523,121.5890905
25.0862890,121.5911060
24.9867229,121.5681110
25.0722274,121.5113070
25.1194160,121.5058090
25.0211760,121.4951670
25.0865321,121.5655065
25.0067120,121.5587180
25.1405050,121.5062150
25.1171688,121.5098042
25.0462110,121.5827680
25.0810554,121.5208074
25.1229853,121.5249893
25.0839203,121.5232448
25.0022860,121.5685080
25.1193117,121.5262236
25.0904775,121.5258413
25.0935350,121.5262300
25.1118040,121.5337680
25.0211545,121.5569552
25.0800230,121.5502560
24.9833480,121.5666065
25.0235947,121.5214109
25.0718951,121.6064968
25.0777903,121.5901210
25.0266557,121.5638795
25.1122899,121.5152039
25.0590444,121.5303686
25.1170316,121.5122890
25.0375120,121.5452240
25.0275359,121.5656950
25.0554986,121.5817851
25.0879387,121.5921628
25.0213307,121.5513207
25.0361892,121.6170517
24.9909300,121.5738230
25.0298399,121.5304770
25.0684617,121.5168259
25.0282005,121.5114015
25.0561846,121.5287920
25.0229689,121.5555340
24.9896730,121.5598700
25.1228327,121.5267962
24.9881863,121.5536620
25.0536413,121.5152652
25.0830684,121.5100039
24.9886800,121.5643970
25.0636411,121.5205996
25.0258166,121.5382653
24.9976640,121.5742690
25.0312354,121.5590385
25.0492000,121.5404424
25.0644396,121.5655526
25.1421460,121.4999440
25.0168940,121.5307680
25.1156349,121.5077019
25.0824880,121.5178146
25.0603459,121.5631046
25.0493307,121.5576199
25.0396313,121.6209414
25.0233869,121.5633790
25.0687840,121.5124789
25.1180269,121.4653180
25.1357899,121.4839550
25.1218616,121.5306616
25.1217300,121.5231680
25.1324572,121.4693489
25.0050396,121.5679116
25.0933940,121.5195440
25.0219220,121.5565272
25.0572909,121.5253788
25.0253374,121.5006227
25.0957570,121.5166019
25.0470190,121.5047880
25.1264165,121.7158839
25.1219230,121.7243710
25.1291056,121.7548470
25.1308279,121.7385951
25.1270039,121.7137946
25.1277834,121.7348033
25.1338670,121.7353263
25.1357813,121.7865337
25.1271164,121.7422512
25.0908181,121.7533805
25.1518619,121.7699450
25.1445971,121.7674709
25.1376850,121.7318000
25.0818992,121.6968543
25.1264708,121.7365177
25.1238660,121.7447746
25.0948379,121.7196271
25.1348230,121.7880724
25.1278528,121.7680500
25.1549816,121.7666606
25.0891910,121.7088330
25.1267220,121.7398020
25.1369178,121.7499437
25.1348545,121.7477788
25.0993128,121.7568638
25.1086504,121.7316685
25.0934531,121.7139280
25.1041080,121.7399174
25.1394131,121.7162136
25.1275352,121.7509352
25.1492995,121.7178953
25.1328780,121.7313850
25.1486225,121.7629300
25.1000341,121.7364070
25.0871470,121.6975220
25.1542350,121.7337040
25.1324290,121.7381380
25.1300682,121.7395286
25.1182969,121.7439800
25.1416905,121.7102670
25.0969810,121.7127860
25.0776430,121.6897360
25.1107200,121.7340890
25.1290435,121.7573116
25.1304959,121.7368620
25.1313867,121.7342263
25.0986866,121.7160794
25.1523910,121.7254770
25.1470345,121.7265635
25.1540317,121.6970302
25.1319238,121.7544557
25.1275945,121.7492302
25.1308210,121.7302260
25.1474780,121.7378440
25.1275900,121.7524450
25.1174673,121.7428441
25.1212850,121.7214144
25.1279296,121.7552630
25.1252056,121.7386919
25.0982430,121.7504253
25.1366008,121.7738460
25.1354131,121.7854593
25.0993423,121.7146621
25.1341551,121.7475752
25.0977233,121.7124128
25.1322042,121.7442713
25.1382677,121.7510631
25.0760881,121.6877429
25.1407793,121.7142854
25.1503770,121.7155761
25.1290719,121.7413643
25.1421554,121.7638390
25.1287026,121.7611428
25.1508704,121.7724527
25.0515150,121.4880920
24.9669703,121.3298018
25.0224533,121.4714922
25.0390822,121.4479018
25.1083351,121.8057556
25.0230549,121.4658109
25.0025990,121.4976300
25.0818728,121.4733544
24.9955064,121.5150733
25.1764711,121.4426408
25.0527090,121.4580609
24.9588863,121.5085548
25.0376319,121.4490300
24.9899980,121.4277935
24.9591436,121.3371972
25.1069886,121.8103503
24.9341690,121.3697785
25.0208519,121.4725958
25.0556824,121.4546129
25.0065839,121.4801350
25.0229090,121.4231820
25.0588349,121.4886780
25.0018422,121.6163525
25.0278626,121.4596734
25.0038430,121.4693902
25.0675649,121.4826574
24.9854099,121.4682736
25.0402884,121.4227848
25.0199450,121.4217290
25.2199838,121.6392046
25.0239797,121.4260884
25.0655010,121.6413080
24.9866190,121.4454900
24.9699798,121.5441221
25.0839281,121.4604511
24.9635990,121.5420040
25.1278707,121.8169864
24.9924900,121.4522090
25.2063511,121.4486959
25.0573140,121.4938610
25.0013900,121.4153820
25.0655720,121.6355230
25.1693470,121.4480546
25.0511865,121.9230088
25.1676024,121.6397184
25.0427280,121.4449450
24.9715140,121.5363803
24.9894427,121.4497862
25.0396660,121.4246532
25.1736965,121.4382636
24.9694165,121.3350500
24.9720729,121.3396220
25.1702652,121.4393411
24.9524601,121.5037318
25.1101210,121.8070904
25.1072600,121.8185704
25.0619115,121.4324808
25.0630831,121.6601891
25.1338878,121.4658170
24.9529572,121.5092798
25.0046999,121.4804942
24.9691864,121.5392226
24.9811009,121.5407344
25.0207660,121.4309700
25.0818110,121.4603250
25.0745433,121.6832987
25.0214629,121.4245080
24.9905661,121.5202742
25.0704460,121.6669940
25.0684620,121.6265369
25.0925597,121.4416881
25.0055062,121.5189735
25.1693767,121.4434202
25.0201700,121.4759745
25.0678420,121.6203440
25.0025739,121.5047238
25.0041922,121.4447370
25.0811137,121.4744604
25.1353152,121.4628962
24.9540986,121.3388899
24.9968927,121.5163864
25.1028830,121.7621800
24.9945324,121.4613193
25.0711100,121.6300830
24.9992160,121.4807050
24.9832971,121.5040103
24.9634970,121.3337640
25.0196811,121.4282170
25.1914523,121.4272092
25.0690160,121.3658276
24.9357776,121.3662588
25.1627251,121.4525233
24.9499730,121.3857260
25.0774299,121.6677188
24.9812263,121.5066714
24.9779873,121.3355513
25.1388443,121.4649991
24.9836673,121.5517953
25.0092133,121.4462639
24.9841598,121.4241499
25.0691600,121.6614860
24.9300890,121.3810160
25.2217728,121.6374352
24.9739880,121.5303000
24.9940399,121.4195286
25.0695604,121.6321874
25.0667437,121.6306115
25.0624658,121.4344601
25.1062079,121.8046152
25.0385346,121.4240403
24.9734396,121.5388659
25.0569419,121.6325980
25.0894914,121.6457573
25.0219040,121.4617930
24.9918998,121.5045985
24.9950850,121.4245210
24.9743893,121.5422277
24.9282792,121.5049506
25.0223093,121.4762525
25.1775943,121.4377534
24.9966962,121.5116866
25.1712791,121.4515820
25.0029707,121.4598177
24.9938267,121.4501814
25.0651300,121.4854780
24.9976620,121.4823460
24.9566598,121.4455436
24.9548435,121.3851182
25.0624487,121.4343226
25.0697826,121.6387061
25.0346749,121.4770220
24.9935068,121.4625889
24.9702378,121.4300918
24.9861681,121.4671422
24.9826238,121.4672248
25.1720605,121.4500206
25.0711685,121.6807678
24.9822588,121.4217853
25.0049509,121.4968950
25.0966219,121.7850850
25.0163849,121.4542020
25.0773340,121.6500070
25.1214025,121.8262349
24.9999050,121.5030260
25.0138675,121.4773950
24.9942040,121.4299820
25.0905011,121.4696112
25.0634680,121.6621881
24.9978111,121.5258639
25.0140891,121.4114338
25.0670968,121.6249592
25.1845230,121.4112340
25.0059488,121.4476306
25.0021750,121.4626774
25.0029390,121.4811610
25.1459943,121.4005526
24.9890463,121.5129960
24.9847702,121.4285106
25.1318310,121.4515616
24.9645594,121.4182589
25.0091405,121.6305799
25.0642629,121.6404640
25.0523687,121.4530804
25.2584388,121.5043351
25.2563226,121.5023388
24.9483684,121.4995941
24.9633095,121.4821379
25.0589225,121.6542568
25.0512411,121.6180291
25.0355828,121.4221538
25.0152146,121.5162711
25.0419673,121.4307264
24.9766200,121.5431240
25.1620465,121.4251434
24.9835766,121.4464978
25.0136380,121.4279946
25.0594200,121.6382240
24.9934099,121.2969674
24.9538800,121.2322350
24.9533829,121.2307780
24.9966489,121.3096115
24.8905487,121.2040708
24.9476720,121.2252530
24.9191649,121.2080570
24.9784945,121.2759767
24.8835580,121.2674290
24.9853312,121.3096644
24.9482889,121.2605650
24.9416130,121.2191740
24.9565319,121.2519620
24.9571406,121.2401605
24.9420543,121.2058969
24.9698068,121.2477663
24.9194230,121.2537956
24.9641570,121.2649900
24.9202567,121.1850657
25.0779661,121.2575312
24.8855950,121.2700030
24.9612696,121.2146720
24.9470663,121.2326867
25.0924098,121.2472103
24.9481765,121.2349472
25.0457341,121.2926909
24.8812046,121.2878543
24.8647791,121.2113389
24.9573359,121.3042633
24.8852594,121.2930367
24.9704712,121.3017099
24.9621138,121.2145186
25.0331853,121.0828966
24.8178697,121.3510816
25.0603659,121.3582439
24.9534225,121.2567623
24.9570623,121.3134833
25.0882705,121.2531199
24.9870619,121.3473302
25.0164848,121.3166115
24.9950660,121.3076770
24.9887580,121.3468333
24.9351629,121.2975930
24.9180329,121.2530310
24.9578563,121.3004608
24.9294720,121.2450130
24.9172189,121.1820856
24.9463700,121.2468560
25.0011182,121.3087773
24.9945498,121.3409719
24.9514059,121.2112051
24.9681520,121.2945494
24.8986794,121.1610264
24.9343672,121.2564248
24.9736006,121.2979204
24.8769197,121.2680107
25.0546356,121.3797075
24.8961914,121.2114115
24.9504705,121.2162022
24.9304380,121.2930930
24.9888387,121.2857431
24.8652650,121.2123760
24.9552901,121.2198273
24.8490416,121.2423876
24.9525822,121.2148535
24.8941540,121.1371433
24.8832014,121.2048360
24.9946684,121.3096300
24.8485690,121.2301806
24.9347876,121.2492470
24.8836470,121.2672040
24.9502130,121.2273700
25.0060750,121.2950300
25.0067964,121.3447764
24.9754257,121.2481358
24.9328920,121.2255420
24.9926100,121.2964800
24.9908095,121.3081375
24.9878087,121.3223356
25.0170429,121.3027350
24.9766450,121.0828920
24.9371947,121.2493790
24.9522781,121.2375121
25.0484247,121.1438863
24.9285568,121.2323964
25.0064245,121.3084835
24.9399460,121.2146630
24.9632233,121.2531462
24.9825041,121.2528083
24.9867770,121.3262070
25.0553807,121.2861786
24.9911630,121.2948690
24.9118820,121.1570546
24.9593280,121.2141260
24.9379769,121.2537890
24.9239616,121.2465902
24.9652360,121.1939290
24.8686780,121.2152070
24.9477020,121.2057070
24.9474673,121.2208434
24.9201826,121.1711337
24.9986998,121.3450679
25.0503730,121.1361000
24.9899239,121.3070490
24.9785519,121.2512630
25.0360330,121.0793620
24.9295726,121.2553376
25.0644152,121.3545864
24.9880240,121.3262190
24.9466699,121.2602301
24.9424342,121.2227156
24.9508318,121.2392568
24.9358168,121.2493919
25.0865980,121.2547265
24.9242860,121.2281490
25.0836179,121.3035180
24.8674835,121.2157728
24.9795663,121.3216424
25.0459727,121.1413101
25.0127929,121.2955345
24.9650658,121.2559352
24.8839260,121.2887505
24.9564957,121.3165134
25.0029663,121.3041684
24.9809612,121.2715922
25.0971080,121.2549236
25.0505382,121.2093556
25.0260240,121.2617080
24.9171390,121.2503370
24.9894138,121.3326319
24.8972725,121.1993034
24.8732237,121.2312063
24.9202460,121.2055639
25.0951455,121.2648899
24.8228364,121.2593350
24.9097085,121.1531798
25.0605295,121.1993085
25.0021102,121.1814510
25.0334964,121.3876133
24.9822935,121.3299487
24.8664631,121.2146176
24.9243207,121.1463681
24.9623705,121.2219328
24.8229486,121.2596624
25.0376130,121.0805370
25.0212120,121.2205684
24.8369269,121.2341209
24.9055032,121.1781083
24.9343982,121.2566144
24.8114694,120.9820433
24.8408222,120.9368535
24.7818290,121.0225180
24.7881022,120.9287874
24.8245420,120.9549950
24.8052400,120.9381105
24.8157221,120.9662240
24.7643160,120.9136160
24.8211074,120.9770403
24.8452736,120.9283416
24.8160319,120.9584876
24.8055455,120.9883725
24.8047755,120.9756282
24.7429167,120.9060946
24.8166605,120.9707649
24.7846560,121.0219920
24.7677687,120.9676277
24.7973588,120.9473832
24.7764210,120.9438450
24.8374867,120.9425239
24.8113326,120.9759764
24.9132859,120.9991032
24.7805163,121.1781431
24.9193699,121.0543980
24.9013151,121.0467356
24.9029282,121.0472047
24.8781150,121.0566486
24.7804330,121.0276960
24.8430113,121.0165313
24.8745034,121.0116607
24.9022904,120.9893584
24.8411836,121.0188160
24.7369260,121.0898310
24.8241799,121.0085994
24.8260870,121.0529441
24.8697032,121.0343164
24.7049944,121.1824634
24.7782360,120.9948290
24.9024510,121.0441860
24.7259241,121.0829981
24.7005995,121.0571088
24.8165879,121.0262457
24.8309140,121.0363800
24.7034313,121.0516704
24.8197797,121.0302796
24.8780383,121.0519824
24.7255762,121.0892522
24.8838050,121.0274520
24.7235934,121.0991762
24.7626370,121.0892430
24.9016150,121.0439250
24.9018582,120.9870297
24.8297910,121.0090764
24.8166851,121.1115767
24.7892881,121.1830464
24.8418074,120.9560442
24.8251271,121.0097803
24.7657120,121.0553796
24.7388655,121.1627327
24.8032038,121.0509800
24.8266371,121.0849044
24.7361420,121.0958842
24.8304143,121.1395358
24.8270257,121.0785139
24.8699262,120.9965468
24.6747270,120.8622945
24.3885139,120.6803614
24.6953440,120.8794220
24.5602456,120.8149379
24.6419517,120.8669946
24.6646000,120.8803830
24.5397226,120.8178352
24.6918092,120.9081008
24.5563350,120.8187853
24.5594981,120.8257180
24.6716185,120.9155033
24.6979973,120.8916448
24.5695327,120.8229122
24.4253612,120.7752219
24.6892558,120.8590026
24.7088016,120.8863966
24.4895440,120.7876720
24.6539072,120.8522734
24.5553287,120.8258748
24.6416985,120.8833274
24.5594264,120.8166344
24.1766096,120.6785871
24.3420820,120.6204516
24.1316872,120.7169933
24.1506170,120.6668080
24.1711915,120.5799791
24.1812300,120.6451768
24.1318887,120.6655151
24.1362971,120.6800522
24.1631750,120.6678280
24.1591028,120.6735045
24.1750723,120.6820374
24.1376580,120.6436460
24.1543523,120.6348907
24.1694480,120.6421938
24.1489540,120.6135324
24.1262521,120.6839293
24.1797094,120.6191002
24.2432480,120.6088350
24.1838890,120.6983486
24.1434230,120.7340920
24.1312890,120.6900300
24.1108053,120.6004967
24.1710680,120.6929170
24.2102708,120.7101487
24.1522307,120.6792352
24.1448302,120.7258258
24.2072261,120.7034071
24.1096756,120.6817923
24.1752310,120.6490690
24.0897759,120.7140301
24.1291600,120.7218570
24.2404899,120.6278872
24.1543059,120.6678368
24.1212212,120.7198794
24.1026149,120.6814780
24.2566792,120.6587155
24.1316219,120.6353585
24.1348145,120.6840943
24.1602522,120.6897285
24.2799286,120.6547716
24.1698357,120.6902620
24.1257600,120.7181110
24.1023159,120.6711010
24.1088023,120.6937629
24.1581079,120.6790422
24.2696977,120.6604914
24.1056655,120.6180231
24.2384455,120.6267697
24.1039681,120.6745640
24.1753452,120.7174742
24.1599671,120.6945448
24.1603780,120.6589880
24.1708435,120.5798416
24.3048724,120.6012106
24.1427645,120.6776807
24.1494445,120.7222875
24.1716900,120.6479680
24.0977449,120.6872400
24.3028902,120.7222492
24.1817050,120.5860551
24.1800315,120.6933783
24.1696630,120.6647690
24.0599711,120.6646243
24.1966100,120.6624390
24.1378074,120.6096728
24.1387588,120.7022630
24.0956562,120.7143976
24.0779312,120.7086425
24.1944265,120.7025322
24.1108053,120.6004967
24.1108053,120.6004967
24.1378074,120.6096728
24.2439504,120.7068599
24.0953128,120.7137649
24.1667138,120.6674475
24.0725482,120.6630847
24.1394364,120.6783758
24.1183370,120.7334240
24.1065781,120.7293657
24.1449017,120.6559773
24.2215786,120.5797234
24.1716784,120.6719286
24.1835810,120.6219840
24.2456100,120.5373890
24.1766591,120.7272125
24.1423634,120.6817399
24.1434562,120.7130683
24.3483565,120.6257564
24.1088852,120.6508767
24.3570465,120.6226714
24.1740658,120.6656975
24.1560113,120.6853257
24.2265660,120.5783530
24.2370430,120.5576859
24.1483720,120.6586160
24.1957784,120.8214588
24.1743266,120.6800891
24.2422696,120.6228948
24.1417132,120.6770739
24.2173159,120.5808091
24.0638290,120.5416016
24.0899770,120.5667270
24.1103789,120.4964215
23.8127790,120.6180200
24.0666619,120.5421150
24.0816657,120.5385394
24.0733470,120.5985530
23.9574170,120.5642100
24.0566720,120.4433460
24.0601889,120.4289413
24.0124400,120.4871010
23.9529460,120.5431830
23.9549060,120.4185960
23.9038627,120.3685030
23.9560457,120.5602160
23.9574720,120.5778940
23.8975602,120.5881552
24.0635007,120.4342942
23.9480237,120.5262011
23.9030643,120.5377467
23.8672120,120.5118710
23.8086271,120.6169252
23.9894539,120.5861570
24.1049640,120.5364050
23.9670756,120.5811869
23.9674969,120.4861140
24.0319309,120.4381328
24.1098794,120.4931547
23.9656139,120.5651150
24.0966900,120.5492660
24.0828290,120.5720050
23.8983645,120.5922782
24.1032380,120.5160400
23.8444087,120.4579751
24.0633229,120.5334987
24.0483000,120.4426383
23.8962088,120.3695240
24.0746878,120.5555104
23.8636915,120.5836798
24.0806880,120.5412140
23.9575748,120.6040341
23.9206431,120.5391370
23.9666781,120.5790045
24.0991110,120.5450000
23.9807450,120.6807862
23.9738767,120.6861270
23.9337647,120.6916290
23.9593255,120.6848123
23.9066551,120.6945410
23.8982105,120.6834647
23.9003176,120.6868743
23.8406695,120.6311473
23.8809410,120.6924795
23.9249672,120.6753423
23.9524999,120.6628660
23.9653578,120.9657865
23.9663536,120.9632004
24.0401479,120.8556454
23.9694540,120.9541456
23.9716038,120.9591698
23.9132500,120.6840930
23.9252852,120.6623683
23.8682301,120.6931860
23.8002226,120.7139639
23.7807047,120.4413729
23.7608933,120.6116958
23.7935140,120.4596860
23.7350798,120.4269473
23.6975466,120.5259195
23.6994670,120.5255890
23.6366082,120.2256862
23.6729716,120.4808407
23.4653640,120.4836329
23.4653640,120.4836329
23.4840406,120.4415660
23.5812126,120.4725605
23.5358143,120.4361519
23.5371455,120.4349779
23.5436730,120.4239530
23.4488003,120.2897636
23.5202954,120.4038867
23.4545240,120.4092530
23.2141930,120.3049100
23.1067002,120.2590760
23.1069823,120.2836021
23.1652456,120.2541575
22.9779124,120.1882943
22.9926460,120.2835316
23.0112640,120.2241961
22.9677324,120.2351397
22.9816240,120.2008170
23.0588520,120.1543430
23.1333235,120.3065509
23.1050968,120.2783215
22.6632110,120.2941640
22.6460522,120.3881530
22.8573121,120.2528492
22.6402184,120.3451452
22.6047283,120.3934684
22.7306285,120.3539164
22.6520203,120.3291244
22.6548493,120.2772789
22.7286590,120.3522270
22.6286905,120.2998017
22.6432910,120.3274819
22.6035053,120.3375486
22.6367598,120.3946674
22.6242900,120.3740608
22.5821270,120.3165240
22.6683920,120.2922500
22.6551100,120.3160730
22.5919626,120.4042701
22.6186290,120.3135820
22.5609573,120.3502159
22.6256549,120.3287768
22.7733087,120.4443493
22.6481913,120.3239121
22.6535318,120.3216471
22.6155260,120.3211310
22.6204326,120.2929191
22.7323460,120.2903793
22.6095483,120.3883618
22.5706849,120.3485624
22.5076785,120.3922226
22.7359030,120.3294644
22.6063624,120.3416497
22.6259132,120.3490913
22.8958342,120.4843090
22.6748147,120.3142021
22.6550106,120.3247440
22.6414820,120.3017150
22.6206250,120.3566279
22.6381790,120.3580898
22.6499231,120.2765227
22.6184248,120.3346328
22.5966882,120.3233866
22.6189390,120.2688930
22.7207479,120.3022106
22.5819358,120.3546907
22.7529646,120.3107708
22.7235560,120.3287309
22.6306449,120.3305382
22.6741381,120.3063271
22.7270184,120.3243789
22.6255995,120.3200080
22.7727167,120.4026539
22.6633397,120.3714960
22.6812840,120.2830810
22.6812840,120.2830810
22.6359249,120.3047579
22.6323978,120.2938839
22.6633175,120.2857337
22.6194324,120.2849241
22.6530194,120.5286833
22.6648630,120.4725920
22.6764888,120.5035947
22.6580434,120.5150180
22.6635803,120.4786044
22.6575567,120.4842176
22.6822941,120.4932709
22.6121382,120.4854034
22.6866597,120.4889627
22.5593534,120.5401909
24.6708710,121.7760980
24.6791863,121.7575990
24.6777176,121.7692899
24.7623361,121.7542534
24.7450440,121.7487040
24.6778948,121.7746269
24.7517060,121.7353370
24.7474881,121.7537975
24.7522100,121.7447040
24.6943654,121.7970299
24.7469800,121.7381420
24.8270456,121.7697505
24.6983027,121.6860211
24.6444151,121.8298951
24.7750660,121.7581250
24.6211334,121.8346731