25.044475,121.531597
25.040793,121.518534
25.028401,121.505774
25.02953,121.506467
25.027225,121.510372
25.022299,121.523802
25.012862,121.535183
25.015119,121.532452
25.013659,121.534399
25.026387,121.518738
25.041885,121.509561
25.044961,121.510301
25.035301,121.507736
25.047165,121.512733
25.035943,121.524657
25.039944,121.522046
25.044774,121.516203
25.038155,121.519481
25.031039,121.517467
25.029668,121.518496
25.032433,121.517011
25.043947,121.51306
25.045454,121.51642
25.038937,121.50988
25.046144,121.512513
25.025298,121.517359
25.032705,121.521397
25.045296,121.514409
25.041596,121.526814
25.043519,121.515838
25.046208,121.514268
25.015748,121.5326
25.067372,121.516045
25.070586,121.515924
25.051883,121.51569
25.057725,121.520117
25.062778,121.515817
25.060382,121.511226
25.064474,121.511223
25.067306,121.510818
25.069298,121.510943
25.055037,121.518404
25.050123,121.519855
25.062749,121.513745
25.074486,121.514058
25.071835,121.518297
25.055823,121.515108
25.058305,121.513038
25.052696,121.531373
25.080829,121.546531
25.082196,121.546504
25.04851,121.520695
25.056037,121.522976
25.061609,121.525065
25.060968,121.529006
25.056441,121.528946
25.06551,121.539687
25.050165,121.523071
25.084952,121.556154
25.078256,121.545621
25.082873,121.549469
25.079653,121.540189
25.053789,121.532316
25.057895,121.521181
25.058203,121.525968
25.057944,121.524275
25.058711,121.525095
25.065499,121.538205
25.066772,121.539542
25.061138,121.534897
25.0622,121.542647
25.054092,121.534701
25.050701,121.534905
25.051541,121.53462
25.062125,121.53014
25.066734,121.530302
25.059271,121.539236
25.050058,121.542348
25.080138,121.551168
25.05154,121.525374
25.050435,121.526776
25.060015,121.525412
25.056151,121.525358
25.067598,121.52559
25.049799,121.526742
25.050426,121.525082
25.059202,121.525839
25.04704,121.5327
25.061226,121.531777
25.048823,121.526468
25.048204,121.542416
25.054817,121.527918
25.054812,121.525761
25.052442,121.520266
25.051916,121.528996
25.052193,121.538356
25.051597,121.5403
25.066365,121.535999
25.083917,121.538093
25.066095,121.542588
25.045506,121.543668
25.050605,121.527818
25.056139,121.525868
25.064761,121.529297
25.064609,121.533959
25.064891,121.52306
25.064808,121.526198
25.06479,121.534926
25.066585,121.526479
25.06668,121.531905
25.066625,121.524672
25.063558,121.520853
25.079595,121.558474
25.079748,121.556824
25.056201,121.542324
25.060419,121.532157
25.060156,121.542433
25.060275,121.521667
25.056277,121.540605
25.065891,121.540849
25.063211,121.524311
25.065333,121.524514
25.064541,121.524221
25.048073,121.54657
25.046288,121.552595
25.049818,121.572405
25.048254,121.559211
25.061049,121.563339
25.052166,121.563917
25.064245,121.544865
25.045349,121.546099
25.056974,121.546337
25.056968,121.547117
25.058587,121.546023
25.059231,121.566063
25.057377,121.553077
25.058141,121.551972
25.063435,121.545049
25.060245,121.544926
25.060729,121.547748
25.062161,121.555797
25.049846,121.559931
25.046203,121.554312
25.049455,121.562659
25.05536,121.562172
25.05724,121.569051
25.049183,121.578971
25.048365,121.544824
25.051634,121.544801
25.052329,121.566221
25.050865,121.560515
25.052051,121.560677
25.051018,121.568598
25.051484,121.550725
25.053172,121.555215
25.05389,121.560983
25.053463,121.557897
25.061276,121.565374
25.054321,121.546151
25.063722,121.550339
25.05424,121.549813
25.050078,121.547321
25.050518,121.571874
25.057857,121.566145
25.052639,121.544776
25.044141,121.546052
25.036986,121.549707
25.04027,121.551641
25.036529,121.55354
25.037197,121.546993
25.037051,121.554598
25.041075,121.545293
25.031105,121.547736
25.028077,121.547787
25.042971,121.556553
25.036554,121.557358
25.034028,121.550322
25.03248,121.551667
25.019677,121.553268
25.02196,121.541159
25.013779,121.552988
25.025628,121.545014
25.02491,121.541721
25.025652,121.536242
25.025011,121.543861
25.024421,121.548157
25.040117,121.554689
25.042343,121.554364
25.039496,121.55486
25.04242,121.539794
25.042233,121.535485
25.040777,121.550574
25.03962,121.553029
25.033081,121.530295
25.033018,121.539331
25.033571,121.544079
25.033721,121.554171
25.043196,121.536994
25.041199,121.536914
25.028687,121.539218
25.023409,121.528574
25.013757,121.540597
25.028248,121.553535
25.030322,121.553276
25.044151,121.543571
25.039088,121.543939
25.039691,121.543479
25.028416,121.54371
25.03291,121.543332
25.043633,121.549718
25.042717,121.548158
25.02559,121.549089
25.034333,121.53291
25.018821,121.533496
25.026182,121.539089
25.026481,121.541701
25.040272,121.534271
25.040241,121.533506
25.024673,121.524458
25.028126,121.521912
25.012905,121.536463
25.011316,121.541123
25.017049,121.533648
25.017049,121.533648
25.034625,121.49865
25.031294,121.495164
25.043553,121.506211
25.035114,121.494543
25.042832,121.504662
25.041328,121.504376
25.026087,121.496441
25.027721,121.495492
25.023228,121.501383
25.02115,121.502354
25.026145,121.506166
25.025487,121.503943
25.044174,121.504043
25.04358,121.507321
25.037948,121.505071
25.040745,121.502188
25.040123,121.500542
25.020199,121.496318
25.019532,121.499268
25.041718,121.507281
25.036839,121.498522
25.026585,121.491711
25.032933,121.492299
25.031478,121.490648
25.026085,121.494186
25.027289,121.493322
25.040795,121.582581
25.042835,121.583348
25.040642,121.585062
25.034089,121.563859
25.045758,121.573965
25.032031,121.557596
25.035201,121.557647
25.026098,121.56586
25.026992,121.56384
25.031759,121.559466
25.019886,121.55755
25.040677,121.576993
25.04179,121.567217
25.041055,121.575402
25.042342,121.563485
25.04655,121.577956
25.047821,121.577948
25.043108,121.577963
25.02488,121.569228
25.043596,121.572108
25.048568,121.579297
25.035583,121.567833
25.03244,121.574732
25.043395,121.576217
25.046286,121.577066
25.042269,121.574119
25.039201,121.576493
25.040292,121.574071
25.024201,121.57042
25.033204,121.562319
25.028444,121.568813
25.033424,121.564756
25.035288,121.576969
25.033272,121.558895
25.0425,121.56614
25.024369,121.553809
25.02755,121.564895
25.112312,121.537537
25.088416,121.520864
25.089397,121.52486
25.097656,121.527119
25.115084,121.527949
25.09458,121.523192
25.091758,121.518068
25.095188,121.525986
25.118252,121.525979
25.118278,121.535484
25.117927,121.532665
25.119814,121.533408
25.092366,121.526144
25.137313,121.54188
25.097101,121.544754
25.100569,121.551115
25.082825,121.519358
25.085598,121.509472
25.110905,121.529766
25.087679,121.50795
25.092291,121.50342
25.085188,121.517764
25.084857,121.521431
25.097076,121.519482
25.084659,121.511919
25.136732,121.546367
25.081014,121.520657
25.13753,121.54032
25.097177,121.523182
25.087199,121.517616
25.110002,121.528485
25.110236,121.537509
25.107915,121.528311
25.094452,121.545745
25.126239,121.501171
25.132132,121.497258
25.129864,121.498376
25.13678,121.495075
25.138404,121.486617
25.139937,121.500871
25.145102,121.495048
25.14121,121.499557
25.126333,121.507916
25.11851,121.506627
25.138854,121.499326
25.112431,121.515116
25.119675,121.513305
25.132661,121.49916
25.136229,121.504149
25.110628,121.514847
25.125383,121.526876
25.112047,121.516716
25.12049,121.506376
25.11648,121.505281
25.120295,121.50119
25.109075,121.518863
25.117758,121.513642
25.120354,121.466982
25.11565,121.519941
25.131811,121.50137
25.117353,121.507184
25.115327,121.509529
25.082946,121.566979
25.080373,121.579098
25.080997,121.573314
25.083851,121.580862
25.086887,121.562634
25.078309,121.584302
25.076852,121.57995
25.077207,121.582696
25.068786,121.586051
25.068665,121.591812
25.067835,121.615747
25.07022,121.5905
25.071264,121.589725
25.061544,121.58419
25.069196,121.61415
25.088283,121.586693
25.080855,121.596255
25.079933,121.592844
25.075208,121.61003
25.069632,121.618828
25.07824,121.566762
25.08115,121.563774
25.082132,121.578066
25.057421,121.585316
25.064886,121.582544
25.079464,121.567655
25.080095,121.570252
25.082804,121.565673
25.086553,121.567981
25.082171,121.573544
25.057547,121.613884
25.057471,121.614762
25.04349,121.582921
25.044405,121.584297
25.050117,121.594181
25.054537,121.593062
25.045806,121.615015
25.033624,121.609877
25.056667,121.598746
25.055118,121.595898
25.051969,121.616919
25.058954,121.612182
25.03963,121.592009
25.0562,121.601501
25.055925,121.605676
25.043166,121.618948
25.039878,121.620468
25.042341,121.618172
24.987128,121.547328
24.990067,121.562905
24.988629,121.558935
24.988837,121.568577
24.988668,121.566264
24.980416,121.556175
24.982112,121.562918
24.998265,121.547821
25.008084,121.537456
24.986422,121.554979
25.006671,121.558973
25.005164,121.567859
24.984605,121.562569
24.987878,121.575131
24.99306,121.541735
24.99118,121.54139
24.99529,121.545429
24.995174,121.541577
24.999095,121.538273
24.992011,121.543173
25.003657,121.549836
25.004308,121.541341
24.999584,121.54418
25.001671,121.552696
25.000432,121.552243
24.99499,121.561509
24.986565,121.560769
25.002202,121.536862
24.991435,121.539992
25.128415,121.742868
25.128379,121.741188
25.131325,121.739715
25.130308,121.739896
25.128972,121.744032
25.125948,121.741068
25.132178,121.760135
25.127675,121.767724
25.129631,121.74677
25.132437,121.781972
25.126147,121.78573
25.151282,121.771717
25.151033,121.766893
25.137496,121.751141
25.140106,121.798722
25.150867,121.772389
25.155053,121.765795
25.135522,121.78612
25.130972,121.745361
25.137099,121.795151
25.13809,121.740313
25.149806,121.716965
25.145476,121.738675
25.140642,121.727389
25.1498509606383,121.727457942844
25.145978,121.726615
25.148235,121.720787
25.125839,121.72377
25.127989,121.73248
25.120803,121.723493
25.138508,121.710208
25.149254,121.707775
25.137979,121.717592
25.141836,121.703579
25.140588,121.71172
25.156583,121.695374
25.12091,121.722356
25.121289,121.716831
25.126437,121.714517
25.129359,121.718614
25.09974,121.736321
25.098502,121.751337
25.110229,121.733828
25.088686,121.701844
25.099258,121.713875
25.08838,121.705335
25.074853,121.695965
25.097449,121.714274
25.096647,121.712861
25.083758,121.696215
25.209762,121.656273
25.204325,121.688037
25.22127231,121.63786121
25.22394682,121.63573401
25.21917138,121.63975615
25.02167,121.47921
25.023383,121.481717
25.013386,121.479139
25.016649,121.479392
25.018155,121.479681
25.015044,121.479558
25.013589,121.477198
25.016015,121.453013
25.015807,121.4529
25.002664,121.448568
25.012229,121.466581
25.015313,121.472534
25.021119,121.482643
25.021983,121.454156
25.017008,121.456335
25.018641,121.456648
25.031672,121.475206
25.02027,121.467584
25.018977,121.466741
25.02117,121.467183
25.02911,121.471291
25.029126,121.47245
25.02746,121.478933
24.999591,121.458305
24.993484,121.450645
24.994695,121.454277
25.024415,121.465725
25.029976,121.462479
25.026683,121.464429
25.012019,121.47592
25.016726,121.473019
25.023293,121.468481
25.022157,121.469063
25.023926,121.467029
25.008875,121.465143
25.014842,121.460007
25.025417,121.467744
25.011344,121.454128
25.031178,121.466844
24.99476,121.462123
25.00952,121.455999
25.008431,121.458585
25.001884,121.460802
25.00934,121.454168
25.014037,121.472874
25.029747,121.474202
24.98621,121.42977
24.990233,121.432423
24.994125,121.433468
24.9838,121.426962
25.020382,121.460107
25.011955,121.474405
25.012408,121.471539
25.010074,121.473927
25.029464,121.459416
24.993454,121.457356
25.005574,121.45548
25.00717,121.456528
25.002773,121.454382
25.007008,121.461705
24.998671,121.461426
24.99965,121.463028
25.009206,121.467399
25.006672,121.468475
25.022533,121.474271
25.024102,121.472921
25.024381,121.470482
25.0179,121.461114
25.00469,121.457961
25.022954,121.464368
25.010726,121.463932
25.021267,121.456281
25.02845,121.4577
25.02411,121.460441
24.991355,121.42855
24.987767,121.425816
25.027921,121.460234
25.028907,121.461721
25.012674,121.445857
25.011769,121.447077
25.006382,121.445506
25.002726,121.46438
24.992158,121.462735
24.987736,121.429424
25.01534,121.467056
25.007867,121.456539
25.007195,121.459213
25.024133,121.457114
25.001845,121.44369
25.026403,121.476782
25.03148,121.470944
25.029215,121.480738
25.030925,121.478897
25.031718,121.479298
25.051247,121.617326
25.063529,121.653677
25.066262,121.65373
25.075037,121.683207
25.075776,121.673745
25.073542,121.674639
25.069536,121.660915
25.065113,121.63226
25.064703,121.663603
25.057134,121.654799
25.077659,121.64981
25.080577,121.638302
25.070905,121.662345
25.041458,121.621268
25.066814,121.662365
25.071017,121.665911
25.067564,121.663139
25.070539,121.629153
25.068374,121.662969
25.07311,121.661806
25.07291,121.661074
25.066696,121.621177
25.07332,121.638188
25.068253,121.622686
25.089709,121.645745
25.061526,121.65693
25.060758,121.654398
25.076063,121.63242
25.074887,121.665101
25.0624,121.653501
25.062994,121.655865
25.060492,121.648608
25.060745,121.648169
25.064592,121.656542
25.068038,121.637782
25.065321,121.630899
25.065912,121.633941
25.066346,121.642412
25.064898,121.642005
25.062344,121.64184
25.068947,121.640844
25.003746,121.618291
25.003565,121.601592
25.002276,121.619455
24.98002,121.692057
25.006176,121.651411
25.108771,121.804103
25.110623,121.793384
25.110234,121.845208
25.024478,121.738429
25.05568035,121.92485623
24.982751,121.540297
24.971507,121.535901
24.973447,121.530166
24.977077,121.532635
24.990571,121.534175
24.975897,121.535555
24.977535,121.534564
24.96922,121.545654
24.985192,121.533441
24.968525,121.539671
24.965601,121.543946
24.981821,121.543571
24.980633,121.544525
24.979683,121.543226
24.957793,121.537924
24.953312,121.551687
24.954607,121.560158
24.97497,121.542742
24.975196,121.543132
24.98541,121.540193
24.977542,121.538639
24.978996,121.541739
24.982793,121.536548
24.983073,121.538182
24.982803,121.542061
24.983491,121.516811
24.985642,121.516351
24.986719,121.519839
24.949416,121.529765
24.961282,121.539266
24.948182,121.494129
24.964055,121.515154
24.971245,121.517069
24.952008,121.509246
24.959181,121.513308
24.959581,121.510453
24.957356,121.502196
24.94209,121.473758
24.951495,121.485655
24.962189,121.47911
24.956779,121.475208
24.961509,121.510286
24.960757,121.508878
24.977623,121.54024
24.946516,121.495433
24.93418,121.550937
24.981026,121.537519
24.985784,121.535796
24.976592,121.540395
24.902827,121.551981
24.979195,121.523447
24.977825,121.523908
24.94256,121.50515
24.952376,121.499621
24.971471,121.544504
24.980729,121.547543
24.974698,121.544659
24.983676,121.551349
24.9755,121.546291
24.980219,121.551783
24.973794,121.549172
24.934792,121.708722
24.864574,121.552002
24.864583,121.548143
25.008447,121.51509
25.007991,121.501032
25.007253,121.517058
24.998809,121.516947
25.01209,121.517743
25.013131,121.512394
25.013346,121.514205
25.015106,121.51533
25.004235,121.510299
24.997327,121.522403
24.995839,121.518154
25.000289,121.527603
24.996832,121.520006
25.010925,121.508854
25.00613,121.520722
25.007586,121.513484
25.016294,121.516329
25.008664,121.507929
25.006522,121.510288
25.001611,121.526907
24.997455,121.526686
25.008454,121.520647
25.009099,121.523133
25.01428,121.517817
25.005954,121.515491
25.003178,121.519183
25.008033,121.512135
25.005836,121.507941
25.013257,121.510296
25.005963,121.524803
25.000354,121.525006
24.999286,121.524465
25.012997,121.515714
25.007607,121.520004
25.007376,121.515668
25.007233,121.522823
25.018027,121.512769
25.010188,121.501219
25.015373,121.520544
24.992889,121.517261
25.006899,121.502347
25.004735,121.486968
25.003435,121.502228
25.005929,121.474713
25.006531,121.472795
25.005652,121.478488
25.008954,121.474488
25.006507,121.473635
24.994089,121.495957
24.99713,121.485592
25.01045,121.480434
24.99338,121.502992
24.995275,121.485194
24.992807,121.498235
25.005519,121.484786
25.001877,121.512095
24.999189,121.511399
25.00171,121.499798
25.004215,121.512535
24.992287,121.499982
24.989626,121.500737
24.986812,121.511817
24.988381,121.510885
25.00441,121.507213
25.004522,121.468873
25.0,121.479536
24.9979,121.477954
25.000573,121.472869
25.005234,121.49774
25.003823,121.51427
24.994188,121.52006
25.009172,121.484724
25.004495,121.50429
24.994367,121.512766
24.996081,121.52234
24.992528,121.522812
24.995752,121.526352
24.990857,121.508552
24.990202,121.509849
24.997988,121.510005
24.983009,121.510389
24.998255,121.508051
24.990542,121.507175
24.997297,121.504415
25.000772,121.488252
24.997336,121.487778
24.996027,121.48091
25.000978,121.481136
25.001504,121.468225
25.000545,121.470198
24.99917,121.472726
25.001821,121.472629
24.996051,121.486473
24.996245,121.491438
24.997415,121.494057
24.99516,121.481602
24.995053,121.483648
24.996491,121.486862
24.997088,121.497633
25.003492,121.49643
24.991359,121.519392
24.992388,121.516444
25.002648,121.496814
24.995722,121.500961
24.998862,121.499124
24.992962,121.512521
24.993705,121.505213
24.990252,121.512419
24.994014,121.508905
24.991131,121.514597
24.996734,121.46532
24.998444,121.466323
24.982409,121.50911
24.981988,121.506682
24.984435,121.507928
24.989114,121.489494
24.990786,121.493337
24.993129,121.495894
24.995336,121.49766
24.98932,121.491268
25.004747,121.483043
25.001065,121.483518
24.99955,121.483695
24.99435,121.466456
25.003706,121.499518
25.001953,121.503507
25.004493,121.47085
25.005742,121.492203
25.006138,121.494007
24.989468,121.5104
24.98536,121.506874
24.986204,121.508148
24.991412,121.490565
24.995619,121.489883
24.963957,121.424762
24.984739,121.444425
24.973213,121.440407
24.974595,121.441494
24.976799,121.441856
24.978125,121.44228
24.96729,121.436335
24.964942,121.430995
24.963328,121.426557
24.95346,121.412208
24.958996,121.419208
24.956795,121.41478
24.978484,121.462656
24.966345,121.424102
24.971216,121.433339
24.986003,121.470078
24.984487,121.465839
24.990366,121.467808
24.990097,121.469636
24.990755,121.471099
24.977074,121.459568
24.983367,121.457355
24.988414,121.468527
24.973226,121.458695
24.982586,121.459302
24.988294,121.459756
24.981487,121.45978
24.987681,121.449533
24.986367,121.449456
24.986356,121.447793
24.987432,121.448317
24.975089,121.439596
24.980987,121.441331
24.993254,121.455186
24.987373,121.452601
24.982617,121.449561
24.985021,121.452197
24.987981,121.455981
24.986784,121.454196
24.981776,121.449213
24.907767,121.359837
24.94312,121.378829
24.927177,121.371155
24.929081,121.37774
24.947523,121.374191
24.943391,121.374582
24.941536,121.376008
24.945158,121.373141
24.946284,121.374186
24.937505,121.362416
24.937727,121.361248
24.943936,121.402477
24.935943,121.370103
24.935888,121.367118
24.928001,121.367929
24.931202,121.373001
24.927993,121.375997
24.936621,121.375602
24.942315,121.372776
24.937176,121.373531
24.938236,121.370618
24.938512,121.363345
24.946049,121.37555
24.970361,121.397257
25.015644,121.418046
24.986277,121.414211
24.944974,121.382684
24.945279,121.378568
24.974555,121.399777
24.981784,121.420585
24.980141,121.417016
24.97941,121.418491
24.989397,121.420958
24.992613,121.422203
24.97065,121.393154
24.951414,121.387459
24.980973,121.424422
24.98225,121.415547
25.004202,121.413233
25.012263,121.424127
25.00994,121.424755
24.991251,121.423798
24.955944,121.38821
24.979286,121.421212
24.990988,121.426017
24.991664,121.426849
24.988619,121.418246
24.999041,121.425209
24.946301,121.381742
24.949115,121.378841
24.948324,121.384045
25.016292,121.402913
24.955987,121.352267
24.957137,121.358182
24.95587,121.341219
24.954144,121.347006
24.955117,121.35509
24.951592,121.342094
24.972362,121.325493
25.067922,121.486773
25.067995,121.486182
25.07198,121.481841
25.063427,121.485021
25.068121,121.479007
25.070705,121.496036
25.071779,121.495069
25.076841,121.486031
25.078789,121.482589
25.058672,121.485676
25.086747,121.485352
25.062139,121.495494
25.066271,121.493451
25.073592,121.48919
25.065549,121.500477
25.063018,121.501377
25.071954,121.471099
25.070231,121.478902
25.069685,121.476727
25.056582,121.494117
25.061114,121.483338
25.062159,121.483548
25.083424,121.492034
25.086472,121.488882
25.081191,121.494424
25.08063,121.485602
25.08061,121.481945
25.085526,121.494134
25.084331,121.495393
25.080964,121.497062
25.061938,121.500198
25.068267,121.492489
25.081318,121.481924
25.075076,121.479264
25.077093,121.478996
25.050666,121.488902
25.053593,121.487891
25.069177,121.489558
25.072062,121.486913
25.070708,121.485573
25.064482,121.483086
25.066795,121.481069
25.067712,121.498042
25.069026,121.500898
25.059753,121.486873
25.065315,121.491398
25.070289,121.492033
25.061897,121.497259
25.060109,121.492107
25.059111,121.490671
25.046149,121.467362
25.045773,121.469545
25.05675,121.484392
25.068188,121.475569
25.085295,121.484881
25.053101,121.490589
25.053891,121.488756
25.077631,121.490478
25.080191,121.488762
25.05875,121.489188
25.061575,121.501652
25.05315,121.470722
25.075728,121.483984
25.074173,121.501744
25.072557,121.501324
25.070917,121.501816
25.05069,121.491112
25.051541,121.489486
25.02241,121.425321
25.020263,121.423837
25.030111,121.41367
25.048392,121.44546
25.044461,121.44484
25.050123,121.444904
25.05157,121.444817
25.034471,121.445249
25.027081,121.42157
25.035506,121.449977
25.028887,121.422849
25.021483,121.414523
25.049903,121.447248
25.050726,121.45014
25.054244,121.458108
25.054248,121.447652
25.045023,121.447828
25.040356,121.455333
25.047389,121.45212
25.036709,121.452151
25.045269,121.453491
25.052862,121.448131
25.066227,121.459812
25.065031,121.457182
25.059688,121.465095
25.057347,121.465675
25.028898,121.416832
25.02339,121.422248
25.022183,121.422718
25.019704,121.428379
25.01361,121.426088
25.015494,121.426067
25.022414,121.428851
25.049536,121.443995
25.048182,121.453296
25.045546,121.454838
25.018149,121.428284
25.016466,121.427987
25.012805,121.427653
25.053569,121.454736
25.05003,121.454936
25.039198,121.457551
25.036691,121.445613
25.026488,121.428661
25.025033,121.427554
25.030748,121.434402
25.032157,121.433553
25.039558,121.449688
25.026284,121.42607
25.043258,121.459594
25.0598,121.459549
25.024102,121.424269
25.042942,121.448565
25.033726,121.446207
25.037271,121.44783
25.039246,121.446237
25.032932,121.443
25.03359,121.450128
25.004125,121.433568
25.023121,121.42077
25.023346,121.418386
25.051634,121.457703
25.050029,121.458088
25.048435,121.458263
25.04549,121.45792
25.031631,121.446367
25.027043,121.417052
25.028369,121.413951
25.032205,121.443222
25.055561,121.433331
25.053861,121.432788
25.050623,121.428939
25.056086,121.434127
25.057806,121.430663
25.052949,121.429506
25.043742,121.425025
25.039171,121.42425
25.059136,121.434515
25.063967,121.42414
25.063505,121.422268
25.063843,121.42865
25.041698,121.426033
25.05834,121.432583
25.087537,121.388799
25.077141,121.400334
25.083522,121.37866
25.081681,121.380987
25.078629,121.396467
25.077479,121.392219
25.077403,121.395385
25.077775,121.389397
25.076291,121.392626
25.074349,121.381782
25.072828,121.372915
25.08126,121.378909
25.08302,121.379793
25.066712,121.36095
25.076114,121.370031
25.073344,121.366841
25.068557,121.378131
25.081692,121.388479
25.075255,121.35944
25.078737,121.397119
25.071148,121.37616
25.081434,121.464414
25.082959,121.477457
25.08369,121.473389
25.08585,121.468661
25.084824,121.467404
25.082117,121.458475
25.082737,121.462399
25.08762,121.48196
25.093851,121.471273
25.079001,121.472793
25.089231,121.468189
25.09018,121.469493
25.086752,121.479882
25.084761,121.477516
25.092044,121.472509
25.093801,121.473886
25.091895,121.474
25.089769,121.473035
25.088129,121.471654
25.086525,121.475797
25.087259,121.475124
25.093152,121.458369
25.07835,121.463073
25.088734,121.455888
25.090073,121.458269
25.088384,121.458469
25.082578,121.466238
25.083443,121.465058
25.080097,121.467496
25.083184,121.459253
25.078957,121.464113
25.086218,121.457617
25.085227,121.479033
25.087752,121.477153
25.08542,121.471999
25.085291,121.481867
25.084965,121.438114
25.073849,121.464912
25.066336,121.450399
25.090093,121.433059
25.088948,121.434204
25.072915,121.467494
25.08646,121.43403
25.096597,121.420782
25.080029,121.43623
25.067178,121.432325
25.104097,121.447984
25.072984,121.432911
25.070388,121.431995
25.095672,121.447646
25.089879,121.44265
25.101243,121.450814
25.070514,121.427926
25.159122,121.412635
25.14859,121.403825
25.145779,121.397707
25.158378,121.434318
25.128202,121.452007
25.176443,121.444323
25.178213,121.443042
25.185185,121.443787
25.185131,121.445042
25.162166,121.452757
25.156315,121.459218
25.156802,121.459303
25.154593,121.459438
25.177149,121.425478
25.17175,121.44717
25.172519,121.442322
25.177033,121.45195
25.177407,121.448864
25.177364,121.448223
25.180307,121.449151
25.137912,121.46203
25.141662,121.45987
25.133709,121.459422
25.128175,121.462798
25.183361,121.423317
25.173836,121.446892
25.173836,121.446892
25.161355,121.457806
25.179886,121.454017
25.227005,121.451267
25.170303,121.44443
25.1696793737493,121.446129467219
25.176504,121.438337
25.179049,121.436505
25.174826,121.440328
25.180976,121.436041
25.180903,121.443261
25.180177,121.441607
25.171275,121.451112
25.168606,121.447619
25.189533,121.440265
25.2586759,121.50204412
25.29207533,121.5680496
24.96134,121.21065
24.954859,121.242544
24.968256,121.195305
24.968256,121.195305
24.968256,121.195305
24.937312,121.251841
24.945536,121.247548
24.942747,121.249891
24.955414,121.225551
24.956029,121.23636
24.964646,121.190928
24.95529,121.224046
24.954326,121.225756
24.955172,121.221841
24.954143,121.22444
24.973073,121.258998
24.970787,121.251985
24.984616,121.238157
24.964838,121.236209
24.990734,121.234534
24.962024,121.224801
24.960147,121.227737
24.964587,121.224302
24.988858,121.254717
24.976974,121.251137
24.954926,121.239927
24.95412,121.238815
24.953921,121.241828
24.963174,121.217528
24.970102,121.257466
24.959271,121.223823
24.982625,121.248114
24.979735,121.24769
24.976146,121.255375
24.972448,121.247799
24.962946,121.229801
24.973799,121.256427
24.971442,121.227381
24.97187,121.235715
24.94756613,121.22835682
24.952129,121.226197
24.954064,121.223766
24.958287,121.225932
24.964883,121.225589
24.959308,121.239816
24.958889,121.243024
24.955898,121.264371
24.958967,121.222763
24.966309,121.223626
24.957267,121.239081
24.95489336,121.24152631
24.96219,121.26056
24.961514,121.258664
24.967903,121.232013
24.9684806,121.23531505
24.96651,121.233122
24.969239,121.262951
24.969239,121.262951
24.963792,121.264486
24.967272,121.262694
24.934605,121.249196
24.947671,121.225409
24.942171,121.230204
24.945478,121.229389
24.935482,121.233772
24.929176,121.251882
24.957821,121.249508
24.963365,121.256516
24.963788,121.257898
24.964183,121.213499
24.91358,121.20743
24.903926,121.212101
24.91349785,121.21024928
24.919712,121.211479
24.91266,121.242597
24.911831,121.232342
24.956669,121.209002
24.957044,121.2037
24.951499,121.211454
24.945698,121.219186
24.944254,121.20812
24.950313,121.214255
24.928556,121.227285
24.919238,121.208168
24.94568,121.215423
24.943324,121.205825
24.953281,121.213759
24.94634,121.20476
24.944109,121.209649
24.940366,121.218869
24.86651,121.221508
24.865112,121.21718
24.86636,121.216665
24.850768,121.227829
24.87701167,121.23509974
24.873782,121.232579
24.875431,121.23861
24.848662,121.230038
24.87844,121.21086
24.87339,121.197519
24.857429,121.192505
24.857429,121.192505
24.885345,121.171043
24.908778,121.157664
24.908662,121.168333
24.936517,121.081446
24.91076,121.183018
24.915084,121.17991
24.919163,121.183612
24.905546,121.152467
24.920323,121.170792
24.906553,121.176877
24.909209,121.175476
24.90844,121.118897
24.909002,121.146884
24.923759,121.17674
24.899299,121.157537
24.95666,121.167219
24.972699,121.10579
24.95764,121.163867
24.9571251141173,121.16115991801
25.051026,121.149655
25.054771,121.124471
25.051615,121.118119
24.993426,121.167719
24.991159,121.282789
24.99009,121.313714
25.013838,121.318074
24.987599,121.31424
24.978809,121.327061
25.007436,121.315737
25.00438,121.31807
25.009822,121.297632
25.010635,121.296618
24.980486,121.316808
24.995706,121.313604
24.995822,121.314536
24.99118,121.297851
24.98899,121.28721
24.97772,121.2681
24.989647,121.292011
25.003604,121.298413
24.989503,121.312751
24.999448,121.308199
24.99729,121.309538
25.018478,121.297197
25.02084,121.296576
24.99225892,121.31343628
25.002716,121.305867
25.016209,121.298219
24.988512,121.29338
25.01736,121.29583
24.991091,121.311768
24.98732,121.311151
24.9786519,121.30379736
24.991629,121.314667
25.008046,121.317904
24.996484,121.29998
25.017584,121.292782
24.998249,121.303679
25.01807,121.29338
25.015501,121.296689
24.994189,121.316468
24.983695,121.314779
24.98029,121.30893
25.019126,121.301191
25.019687,121.30166
24.99171,121.307747
24.985998,121.316691
24.98237,121.31174
25.01221,121.31011
24.97658,121.322907
24.99219,121.28263
24.987807,121.288011
25.02219,121.29496
25.023668,121.295314
25.021215,121.290072
24.989675,121.310899
24.990677,121.30258
25.00602,121.29921
25.00686,121.30194
25.019071,121.3042
25.012627,121.30747
25.01595,121.30614
24.993881,121.302633
24.976,121.32525
24.99219,121.278791
25.010397,121.312113
25.01138,121.31413
24.99081,121.323606
25.034424,121.391703
25.034424,121.391703
25.051667,121.367752
25.051732,121.364416
25.059175,121.364784
24.992842,121.339403
24.995202,121.35758
24.987583,121.334287
25.003819,121.344437
24.99358,121.337261
24.996065,121.330963
24.98992,121.32891
25.059707,121.368645
25.059233,121.367957
25.038086,121.374225
25.038086,121.374225
25.060557,121.35825
25.018638,121.406982
25.019325,121.40936
25.017827,121.40378
24.999259,121.345662
24.98932,121.34398
24.984784,121.344387
24.984784,121.344387
24.95409,121.2961
24.982265,121.276611
24.962781,121.300239
24.966899,121.3011
24.949324,121.297978
24.933328,121.297321
24.9261,121.296465
24.93046,121.29734
24.962991,121.298267
24.975684,121.270757
24.958155,121.318472
24.957535,121.304031
24.960676,121.299348
24.94739,121.289132
24.96751,121.27954
24.971225,121.326675
24.947932,121.2836
24.963761,121.303869
24.95559,121.296363
24.96047,121.27888
24.894671,121.274447
24.903922,121.264157
24.918123,121.291432
24.900443,121.283634
24.895864,121.262159
24.898481,121.2829
24.885903,121.270082
24.910466,121.279828
24.880557,121.288962
25.062329,121.175656
25.06473,121.196936
25.060048,121.207514
25.066882,121.198391
25.07798,121.257532
25.068366,121.221865
25.096873,121.25456
25.090948,121.246263
25.062802,121.194948
25.018716,121.259668
25.018989,121.260588
25.02263,121.261651
25.023859,121.259259
25.056551,121.298019
25.051321,121.301294
25.05779,121.295
25.054723,121.296959
25.053371,121.301374
25.059265,121.295896
25.044211,121.290365
25.049775,121.29901
25.03832,121.29117
25.039687,121.288085
25.041012,121.28565
25.051869,121.299015
25.045384,121.30521
25.051866,121.292073
25.084752,121.28626
25.047223,121.291368
25.04605,121.2891
25.048718,121.293629
25.05461,121.283307
25.040024,121.290671
25.040094,121.293166
25.100585,121.261147
25.01079,121.27157
25.009214,121.270207
25.009297,121.271222
24.804806,120.965635
24.797285,120.963152
24.81522,120.967553
24.807609,120.964396
24.801085,120.960514
24.816377,120.97671
24.819414,120.975673
24.817544,120.972069
24.816481,120.974702
24.802946,120.965017
24.811487,120.956426
24.800242,120.961653
24.801708,120.963895
24.805121,120.948964
24.842418,120.933887
24.845274,120.92824
24.821611,120.968108
24.824257,120.970855
24.818238,120.965923
24.822483,120.970459
24.816338,120.963481
24.823589,120.97275
24.810613,120.962082
24.774992,121.01353
24.76982,121.02154
24.764226,121.020036
24.764569,121.024669
24.8031154,120.9699134
24.786842,120.998209
24.779803,121.005634
24.816197,120.993888
24.798946,121.006686
24.802475372,120.9979856731
24.798144,121.006735
24.812541,120.97534
24.80878,120.97842
24.784227,121.013583
24.786002,121.011401
24.798986,120.969863
24.767615,120.979828
24.775025,120.966912
24.796343,120.975274
24.7771892454,121.0207917679
24.775543,121.026477
24.777886,121.022121
24.793136,120.962725
24.801749,120.976564
24.803239,120.978927
24.788951,120.966682
24.801528,120.992784
24.802206,120.994775
24.779594,120.989572
24.766896,121.023583
24.784678,121.010606
24.793847,120.968255
24.799972,120.981206
24.784496,121.002826
24.777166,120.98353
24.7853311331,121.0161177398
24.814624,120.981353
24.800524,120.983776
24.7847276825,120.990491337
24.810877,120.986571
24.798084,120.956181
24.76717,120.91529
24.731472,120.916087
24.756909,120.952327
24.782772,120.933002
24.778579,120.939577
24.744182,120.905997
24.796782,120.94521400000001
24.774877,120.944005
24.813046,120.9224103
24.806549,120.921396
24.820961,120.927211
24.791922,120.92735
24.833102,121.012397
24.83347,121.01723
24.835658,121.020817
24.84085,120.97563
24.8412,120.9996
24.82676,120.99817
24.807341,121.034989
24.807042,121.037009
24.8307,121.01515
24.820201,121.02437
24.81859,121.02695
24.82125,121.00972
24.84813,121.01
24.82105,121.02734
24.822571,121.033059
24.83754,121.00947
24.83975,121.0109
24.837341,121.00018
24.808921,121.025849
24.8091,121.028508
24.827706,121.016715
24.82364,121.01422
24.88397,121.027209
24.869371,121.02661
24.919508,121.055014
24.874131,121.012961
24.87176,121.016411
24.870077,121.009496
24.872784,121.011698
24.869602,121.014735
24.869592,121.029896
24.906031,121.043788
24.904698,121.042954
24.855899,121.017191
24.863257,121.026881
24.884915,121.010442
24.869253,120.992008
24.870694,120.995988
24.870262,120.99358
24.90191,120.98924
24.867169,120.993489
24.866457,120.992638
24.827683,121.070603
24.828065,121.078753
24.833069,121.028908
24.796827,121.173134
24.791591,121.176048
24.734918,121.119694
24.769857,121.077971
24.729705,121.091844
24.75998,121.063429
24.774281,121.047545
24.727394,121.086288
24.72628,121.084467
24.740253,121.091831
24.748401,121.082055
24.772221,121.056062
24.71793,121.096245
24.740003,121.085415
24.737528,121.087562
24.743206,121.083647
24.720321,121.116375
24.725931,121.129705
24.710749,120.923363
24.709175,120.924476
24.709282,120.924106
24.715593,120.906213
24.723881,120.904793
24.696518,120.882409
24.690468,120.885283
24.689701,120.879275
24.702432,120.880444
24.686676,120.877882
24.687643,120.870075
24.692211,120.866398
24.692952,120.871508
24.6823408,120.87303
24.684302,120.868731
24.693716,120.913585
24.68219,120.940859
24.683924,120.908106
24.688685,120.906123
24.687566,120.910664
24.678946,120.899711
24.694864,120.916349
24.690839,120.892832
24.700456,120.900173
24.684829,120.903164
24.6825508,120.88222
24.685423,120.906578
24.697276,120.893308
24.687105,120.907349
24.696011,120.909615
24.595416,121.001276
24.5371499634433,120.918236002536
24.614815,120.789471
24.615068,120.788467
24.600369,120.829137
24.490748,120.679546
24.4404579571638,120.652461021197
24.401609,120.664962
24.441631,120.651088
24.443366,120.654869
24.551245,120.813787
24.559111,120.820265
24.546449,120.816258
24.560853,120.822554
24.586783,120.824938
24.56401,120.81608
24.563496,120.827741
24.566138,120.818281
24.566513,120.81002
24.572969,120.835667
24.569317,120.820783
24.574064,120.830357
24.551191,120.821166
24.53721,120.790719
24.655708,120.867359
24.5739808,120.8494
24.519406,120.821787
24.531682,120.831672
24.39763,120.866673
24.492766,120.789301
24.466955,120.766727
24.306799,120.830141
24.140478,120.677269
24.137473,120.683567
24.145911,120.677768
24.144496,120.675758
24.14559,120.680219
24.142766,120.683706
24.136609,120.682851
24.14344,120.675489
24.138981,120.679057
24.138452,120.685425
24.140091,120.683999
24.139435,120.684708
24.141123,120.683111
24.13746,120.685263
24.151815,120.692636
24.144362,120.704475
24.1294169574443,120.691791018385
24.135262,120.700985
24.138505,120.697303
24.144509,120.690865
24.138456,120.703653
24.11496,120.65207
24.118651,120.660335
24.116707,120.665437
24.128767,120.680278
24.124385,120.658732
24.11908,120.657307
24.134147,120.656324
24.122165,120.681219
24.121011,120.650543
24.121011,120.650543
24.125475,120.657869
24.115449,120.665813
24.116268,120.666662
24.130856,120.661709
24.113059,120.659114
24.122794,120.67899
24.124316,120.662404
24.110792,120.657676
24.128053,120.67437
24.125207,120.675063
24.129176,120.67431
24.13957,120.676396
24.13801,120.675231
24.130379,120.667492
24.153471,120.655004
24.141241,120.672385
24.148935,120.662869
24.145705,120.67073
24.147985,120.660795
24.146893,120.666742
24.152319,120.671434
24.147406,120.670059
24.154897,120.661473
24.15641,120.665158
24.145429,120.659081
24.138436,120.671985
24.150856,120.673776
24.153835,120.685599
24.169069,120.672879
24.157019,120.67888
24.149734332414447,120.67803740112444
24.164802,120.667641
24.152105,120.675348
24.160475,120.691658
24.171666,120.672441
24.157629,120.6735
24.156962,120.701625
24.173092,120.673942
24.17016,120.668167
24.158903,120.682647
24.159376,120.669331
24.1708,120.685175
24.15509,120.667059
24.162854,120.67935
24.16293,120.68139
24.166056,120.680801
24.166707,120.669458
24.166826,120.675038
24.167118,120.676502
24.166868,120.682983
24.177123,120.674791
24.174836,120.694394
24.174215,120.676467
24.179979,120.667045
24.16489,120.711752
24.164798,120.690265
24.165079,120.69245
24.167651,120.696197
24.172279,120.69861
24.178653,120.6706
24.188501,120.687296
24.178733,120.690434
24.172148,120.71153
24.180197,120.741095
24.16926,120.700975
24.178084,120.713617
24.185422,120.698497
24.182332,120.689963
24.184326,120.698406
24.17149,120.683558
24.16595235,120.72386527
24.172116,120.71855
24.17657,120.691573
24.179268,120.685689
24.175527,120.685962
24.170381,120.733233
24.186557,120.666218
24.171158,120.687415
24.172413,120.68786
24.177026,120.688244
24.171712,120.69412
24.18431,120.6949
24.175237,120.697061
24.171528,120.639965
24.1567,120.6552
24.159838,120.649541
24.17568,120.589036
24.171695,120.612948
24.179013,120.619046
24.175645,120.617488
24.197464,120.659954
24.175228,120.666292
24.175419,120.644843
24.183777,120.646441
24.170809,120.637882
24.171206,120.636953
24.182345,120.607839
24.182345,120.607839
24.182345,120.607839
24.182345,120.607839
24.184299,120.604647
24.182853,120.617033
24.163675,120.651399
24.162242,120.654584
24.159832,120.638598
24.18485,120.621359
24.164858,120.660231
24.177844,120.643523
24.175451,120.642344
24.174221,120.644611
24.16558,120.656245
24.166901,120.651479
24.189566,120.615308
24.188515,120.616767
24.181626,120.642422
24.172834,120.64639
24.171804,120.648458
24.16361,120.656286
24.168873,120.646681
24.163205,120.642186
24.169355,120.63491
24.16441,120.635968
24.168299,120.638377
24.167959,120.638279
24.184995,120.639657
24.18063,120.622198
24.180722,120.644904
24.181702,120.645164
24.187734,120.60637
24.185315,120.607659
24.200745,120.656948
24.171647,120.64732
24.171149,120.650129
24.153408,120.648574
24.149001,120.647927
24.148974,120.644029
24.148918,120.63731
24.14241,120.647685
24.132163,120.650227
24.153912,120.612856
24.150592,120.651535
24.149708,120.613306
24.133175,120.641242
24.138388,120.609876
24.138968,120.613233
24.151736,120.616105
24.136773,120.653247
24.143937,120.652847
24.153375,120.636695
24.144877,120.63896
24.13601,120.651418
24.14118,120.636427
24.136049,120.606868
24.149037,120.640237
24.148619,120.640406
24.165709,120.636684
24.117812,120.627354
24.15148,120.635377
24.163481,120.633873
24.148536,120.611907
24.136732,120.723974
24.14209,120.724641
24.15305,120.728694
24.142872,120.732779
24.149894,120.72761
24.14855,120.7345
24.123782,120.720201
24.131351,120.718145
24.117884,120.715199
24.123245,120.71193
24.101496,120.721311
24.112147,120.731087
24.130625,120.723914
24.157415,120.721714
24.115708,120.7192
24.127304,120.726768
24.154096,120.708718
24.111875,120.706916
24.138188,120.715287
24.155303,120.724087
24.151823,120.72116
24.152613,120.712745
24.152324,120.717274
24.1591579632657,120.712919017055
24.115407,120.685422
24.114709,120.675974
24.115131,120.674223
24.100945,120.716652
24.082877,120.697324
24.08014,120.698548
24.100389,120.687997
24.095186,120.706791
24.11402,120.691396
24.118674,120.692614
24.107962,120.676509
24.100778,120.69709
24.107704,120.703721
24.105639,120.699873
24.077375,120.67909
24.113361,120.686043
24.07962,120.694545
24.090101,120.69071
24.10635,120.687795
24.111186,120.684051
24.107561,120.684138
24.100641,120.682651
24.109567,120.674987
24.103482,120.691509
24.087619,120.705385
24.086599,120.708689
24.085799,120.711754
24.090159,120.697876
24.099121,120.676831
24.08592,120.701816
24.062089,120.698196
24.071943,120.66231
24.049068,120.675989
24.066203,120.691562
24.059923,120.663323
24.078678,120.718558
24.073809,120.710432
24.049238,120.686493
24.044594,120.688181
24.0686,120.697769
24.076332,120.707264
24.106513,120.622252
24.108818,120.607027
24.111473,120.638024
24.095477,120.656718
24.102969,120.62421
24.110514,120.625907
24.104676,120.639445
24.073064,120.643125
24.126739,120.607399
24.253759,120.72191
24.246451,120.699112
24.249009,120.701949
24.255146,120.745045
24.255572,120.733461
24.240797,120.724963
24.238198,120.722719
24.239551,120.704516
24.246362,120.705108
24.249773,120.719005
24.242083,120.732314
24.246508,120.711317
24.2514059633573,120.73310601566
24.247857,120.730015
24.239418,120.715429
24.251668,120.723138
24.2720170935966,120.752423652415
24.222003,120.724294
24.305145,120.709556
24.309168,120.72626
24.274469,120.774083
24.246291,120.832039
24.250999,120.83368
24.260446,120.828112
24.251711,120.829958
24.257058,120.828576
24.202914,121.005618
24.249902,120.809133
24.241469,120.808619
24.205717,120.679491
24.222791,120.692368
24.223673,120.705603
24.2198,120.700178
24.229675,120.713154
24.213347,120.700418
24.207923,120.701616
24.20213,120.706325
24.218213,120.693672
24.224383,120.694619
24.188784,120.701641
24.211338,120.707394
24.194194,120.695375
24.195668,120.721963
24.205977,120.644231
24.223295,120.647777
24.240993,120.62995
24.234761,120.636148
24.229424,120.654193
24.234664,120.665979
24.237946,120.669728
24.210292,120.63033
24.219400747305,120.663059068389
24.224124,120.653443
24.220905,120.650297
24.252755,120.698369
24.256198,120.671649
24.246405,120.685363
24.243658,120.682606
24.15433,120.540089
24.156538,120.540117
24.174271,120.57894
24.132893,120.554115
24.119154,120.576028
24.15414,120.544214
24.160202,120.57449
24.169289,120.579485
24.236427,120.559769
24.257304,120.600644
24.225839,120.577217
24.229286,120.573721
24.215322,120.579737
24.226696,120.575415
24.221683,120.578338
24.242712,120.564957
24.202718,120.567918
24.234549,120.55844
24.207232,120.568404
24.224642,120.568844
24.219574,120.569558
24.210466,120.52422
24.182422,120.590479
24.208643,120.549612
24.178356,120.530323
24.182822,120.579367
24.180677,120.589337
24.181171,120.587317
24.181182,120.593147
24.179816,120.583406
24.213336,120.549679
24.210441,120.505473
24.200098,120.56296
24.188516,120.592397
24.253615,120.530648
24.246436,120.541995
24.246195,120.547502
24.253702,120.529862
24.240218,120.528492
24.252075,120.536779
24.26758,120.575142
24.263257,120.569885
24.310409,120.562831
24.291042,120.571211
24.271071,120.577715
24.362372,120.638608
24.344304,120.62937
24.342277,120.622728
24.346453,120.621167
24.344699,120.626399
24.34718,120.619061
24.332073,120.655786
24.343222,120.636194
24.3457,120.587091
24.0855440996,120.5439798883
24.0628911,120.5438273
24.0612756,120.5357816
24.0557926,120.5335242
24.0697865,120.5484499
24.0665839,120.5493501
24.0677193,120.5475643
24.0768052,120.5457253
24.0670582,120.5349129
24.0757826,120.540012
24.0870256,120.535691
24.0897439962,120.5387773229
24.0732538,120.5266934
24.0732246,120.5490922
24.0679789,120.5282668
24.0719372,120.5450679
24.0834056,120.5584263
24.0832189,120.554316
24.0827822,120.5860737
24.0813409,120.5989975
24.0638961,120.5128024
24.0785990364,120.5183214428
24.0149608,120.628419
24.0240482,120.5416272
24.0253591,120.5380299
24.0565051,120.4346833
24.0595677,120.4313471
24.0861551,120.4807123
24.0565223,120.4425628
24.110272,120.456799
24.0528536494,120.4390706066
24.0120761,120.4865498
24.1350204,120.4651148
24.1212984,120.4952696
24.1125139,120.5169182
24.1129895,120.5022907
24.1076459,120.4944272
24.1061542,120.5017975
24.0817013,120.4983532
24.0959744,120.5361412
24.093509,120.537862
24.1073312,120.533768
24.1465358,120.4929441
24.1624655,120.4871369
24.1774148,120.4999604
23.9605707588964,120.582236429705
23.968869,120.575433
23.9636485,120.6002689
23.966828,120.5711808
23.9627693,120.5742475
23.9579557,120.5755705
23.9626496,120.5608674
23.9554964,120.581532
23.937862,120.5765427
23.9675201,120.5825598
23.9531781,120.5778837
23.9624328025,120.5689893362
23.9624692,120.5644667
23.930077,120.602881
23.9028513,120.5824419
23.9195534,120.5466819
23.920398,120.5387554
23.9230941,120.5590442
23.9503369272,120.5264007017
23.9591233,120.4716149
23.9634203,120.4756733
23.9637432,120.4817143
23.9579749,120.4772774
23.9484609,120.4853842
23.9509479,120.4804146
23.992752,120.583028
23.9891909,120.5637769
23.979642,120.572758
23.8583323,120.5894224
23.8616816,120.579954
23.8542573,120.5851394
23.8625775,120.5850376
23.8722003,120.5284821
23.871951,120.523388
23.8939896,120.5318466
23.8835417,120.4989025
23.8864265,120.4587268
23.8490945,120.494507
23.8980823,120.3699638
23.8991659,120.3812486
23.855856,120.321384
23.901316,120.358513
23.944263,120.695133
23.946805,120.691632
23.921625,120.693019
23.9121,120.69132
23.915991000000002,120.676792
23.911019,120.685724
23.904974,120.687431
23.908917,120.684568
23.9152,120.679885
23.924784,120.675548
23.879761,120.766701
23.979134,120.682989
23.983489,120.792113
23.983561,120.685899
23.981023,120.696725
23.990201,120.70702
23.980408,120.678459
23.968316,120.682887
23.960519,120.682274
23.975638,120.685985
23.989107,120.69171
23.975,120.69982
23.978168,120.68518
24.06445,120.8764
23.971641,120.96971
23.978547,120.99308
23.965888,120.934115
23.969081,120.964761
23.979116,120.960859
23.958413,120.97337
23.964463,120.968379
23.96807,120.9743
23.960397,120.973854
23.95997,120.96286
23.98951,120.97444
23.971502,120.976607
23.944162,120.931279
23.960772,120.967916
23.974432,120.943026
23.97064,120.947204
24.003641,121.08696
24.022628,121.132027
24.031822,121.142659
23.833245,120.636475
23.84679,120.69739
23.827024,120.784917
23.90635,120.926038
23.896609,120.938067
23.84778,120.93113
23.757482,120.67956
23.75741,120.686983
23.765991,120.71619
23.76476,120.704021
23.761683,120.693642
23.673452,120.796386
23.675407,120.473939
23.69411786,120.46469595
23.67783399,120.4778
23.685937,120.482906
23.683558,120.481109
23.671869,120.490318
23.65480786,120.48419595
23.644933,120.432246
23.724246,120.459302
23.71681786,120.42391595
23.702156,120.4316
23.708557,120.437054
23.703303,120.42498
23.706023,120.44665
23.709453,120.446435
23.705514,120.430442
23.707137,120.427769
23.695398,120.436299
23.679042,120.392614
23.694684,120.312409
23.67561,120.25527
23.721929,120.211185
23.759949,120.353747
23.801308,120.21306
23.752261,120.252307
23.772758,120.246642
23.747698,120.256215
23.795186,120.281394
23.797016,120.273746
23.71325,120.539887
23.704877,120.55465
23.69455786,120.53837595
23.701389,120.538515
23.708535,120.544201
23.72332786,120.58199595
23.692184,120.529644
23.704932,120.551428
23.743194,120.55681
23.698336,120.537208
23.70531786,120.52893595
23.700463,120.556042
23.70278786,120.53119595
23.691712,120.528466
23.715385,120.543046
23.761618,120.619612
23.622632,120.555245
23.776708,120.523256
23.79522786,120.46257595
23.797763,120.466273
23.800975,120.459108
23.782511,120.452884
23.769407,120.41213
23.796775,120.416376
23.574567,120.293213
23.566089,120.304497
23.575315,120.302027
23.578442,120.300858
23.583732,120.299475
23.571772,120.239652
23.584835,120.180917
23.650845,120.313111
23.488819,120.430517
23.4705,120.438345
23.481963,120.432056
23.469218,120.443049
23.471108,120.421326
23.49178,120.428451
23.455967,120.443679
23.459367,120.443386
23.482091,120.447965
23.464975,120.421542
23.463727,120.436414
23.465678,120.435915
23.473937,120.448951
23.488537,120.446463
23.483074,120.434033
23.486329,120.436509
23.475644,120.467098
23.474235,120.473682
23.483535,120.485973
23.498381,120.455347
23.494295,120.453991
23.46581,120.46654
23.477186,120.453614
23.516243,120.441998
23.490881,120.467873
23.500354,120.451692
23.474732,120.457644
23.46833,120.460801
23.49071,120.45965
23.460827,120.450361
23.47432,120.46492
23.462958,120.522844
23.49269827,120.50195465
23.518541,120.549183
23.45315835,120.4597718
23.4461476825475,120.457730901962
23.444474,120.470349
23.444106,120.543418
23.43051,120.411669
23.446624,120.425855
23.427677,120.398642
23.447978,120.433936
23.410129,120.308481
23.498776,120.377238
23.499656,120.3685
23.496548,120.380361
23.454376,120.294047
23.45901,120.242771
23.465969,120.284054
23.463798,120.236905
23.458153,120.152823
23.492392,120.291812
23.521663,120.385905
23.555476,120.347747
23.56048752,120.47314863
23.56316611,120.48062474
23.56284988,120.47556505
23.560594,120.450718
23.5562142,120.47189701
23.517519,120.43796
23.55747835,120.4302118
23.533814,120.436996
23.525299,120.441239
23.528122,120.447355
23.604127,120.454384
23.599631,120.512534
23.596293,120.457473
23.3788584214686,120.160869634265
23.373432,120.186787
23.377565,120.16865
22.995883,120.209947
22.994853,120.198378
22.996082,120.204244
23.00156,120.190325
22.991463,120.193705
22.986379,120.201923
22.994878,120.195105
23.002222,120.180134
22.971946,120.232807
22.969856,120.235379
22.994134,120.215634
22.995628,120.228775
22.98258114,120.23700247
22.994664,120.214663
22.978179,120.233157
22.976076,120.237272
22.989083,120.224035
22.985679,120.21885
22.967506,120.231573
22.979557,120.219428
22.97393,120.227709
22.968072,120.227695
22.984994,120.235456
22.988745,120.236389
22.961775,120.229718
22.979162,120.212617
22.961891,120.192462
22.984734,120.191937
22.977936,120.189055
22.966965,120.185542
22.977822,120.19558
22.974638,120.187282
22.954861,120.216643
22.923512,120.183575
22.926859,120.182087
23.009285,120.182912
23.00871,120.185925
23.004445,120.210518
23.003144,120.202408
23.018563,120.210832
22.998819,120.212375
23.01059,120.216157
23.010625,120.223285
22.999098,120.203376
22.998488,120.205207
23.002282,120.195197
23.013784,120.206505
23.009742,120.195891
23.007748,120.225477
23.006335,120.199713
22.992498,120.178586
23.000149,120.161216
22.990826,120.168818
22.989723,120.168614
22.982904,120.181119
22.996717,120.171288
22.99711,120.182187
22.997511,120.169768
23.032948,120.193224
23.040542,120.190508
23.038691,120.202627
23.059089,120.202241
23.040012,120.215396
23.051953,120.174191
23.042314,120.196404
23.050738,120.16768
23.027367,120.214757
23.067252,120.217321
23.069714,120.222893
23.067484,120.197019
23.062086,120.12862
23.024253,120.19187
23.02688,120.190642
23.001486,120.25664
23.0193959644489,120.22820304851
23.018864,120.225999
23.007928,120.268366
23.004507,120.266374
23.011272,120.236914
23.015737,120.23584
23.04004,120.240051
23.039585,120.238923
23.031048,120.250948
23.008591,120.232909
23.016037,120.22564
23.012332,120.231722
23.016012,120.257934
23.014088,120.26396
23.021286,120.261659
23.04427,120.245463
23.024407,120.262786
23.037667,120.264582
23.035886,120.262285
23.003924,120.239968
23.022251,120.223492
23.006415,120.231269
23.010896,120.246634
23.015095,120.244789
23.015519,120.247317
23.000938,120.236507
22.965249,120.287952
22.969483,120.292417
22.970756,120.288086
23.042373,120.305087
23.03461,120.302868
23.067529,120.348764
23.123917,120.46536
22.918713,120.225562
22.971204,120.255896
22.918098,120.224659
22.963219,120.253382
22.953376,120.252147
22.948482,120.252117
22.956953,120.245575
22.961066,120.327829
22.958299,120.327577
23.192846,120.318166
23.183479,120.257545
23.18379,120.249657
23.179542,120.247791
23.163271,120.174682
23.190171,120.188205
23.160771,120.1782
23.170935,120.179581
23.1652,120.17844
23.151691,120.178827
23.121054,120.203186
23.119464,120.20152
23.119134,120.195766
23.235209,120.176225
23.231299,120.182664
23.310913,120.322372
23.314165,120.31643
23.302326,120.31681
23.307158,120.304155
23.310095,120.309814
23.307002,120.312558
23.300295,120.30992
23.315453,120.323191
23.298532,120.294405
23.308726,120.285556
23.302774,120.307326
23.387601,120.377809
23.340737,120.312042
23.340068,120.313091
23.348513,120.41461
23.352647,120.417156
23.229693,120.370118
23.227245,120.350722
23.234249,120.260924
23.287785,120.366288
23.276435,120.312785
23.279847,120.329726
23.324282,120.262886
23.321428,120.269163
23.323261,120.272054
23.132209,120.29808
23.132818,120.302899
23.123399,120.294272
23.109986,120.273296
23.113327,120.272135
23.122026,120.274291
23.068046,120.291173
23.076886,120.291961
23.078067,120.291635
23.078509,120.293237
23.087123,120.280912
23.11008,120.275891
23.095748,120.279244
23.091814,120.276092
23.091814,120.276092
23.091814,120.276092
23.102531,120.275935
23.124897,120.25117
23.118416,120.235854
23.095978,120.209971
23.091844,120.235888
22.633944,120.308697
22.630702,120.315188
22.623517,120.303688
22.633989,120.313941
22.633707,120.29675
22.634619,120.293691
22.623536,120.297964
22.630492,120.294977
22.630763,120.293497
22.621958,120.291188
22.629442,120.298123
22.622308,120.328901
22.615877,120.309344
22.612828,120.301758
22.626705,120.312393
22.616377,120.30214
22.632829,120.333992
22.631535,120.34003
22.617228,120.318461
22.615783,120.297332
22.611861,120.298863
22.611816,120.300769
22.627184,120.319419
22.62336,120.318577
22.616347,120.307968
22.62023,120.334226
22.63021,120.331883
22.6310181336878,120.327137768936
22.620979,120.31085
22.61718,120.29821
22.612186,120.303572
22.627501,120.327283
22.625015,120.285307
22.622025,120.287303
22.62636235,120.28050471
22.659895,120.280165
22.650051,120.278824
22.664415,120.302284
22.66539,120.297874
22.662714,120.300914
22.664984,120.299903
22.66565235,120.28881471
22.659175,120.291379
22.652921,120.287839
22.65458,120.290235
22.668258,120.292134
22.666183,120.296728
22.630892,120.281173
22.626428,120.266007
22.656425,120.296099
22.624045,120.270693
22.611664,120.267617
22.61262,120.308065
22.611796,120.325224
22.606218,120.310714
22.609803,120.317293
22.58588235,120.33672471
22.610262,120.315277
22.57875,120.322254
22.603048,120.328316
22.61196,120.311398
22.611448,120.304286
22.608713,120.329044
22.606091,120.328114
22.586378,120.319708
22.639964,120.316794
22.64095,120.309419
22.638447,120.287398
22.645167,120.310016
22.6481289623905,120.331755040755
22.642343,120.331846
22.65415,120.328823
22.648429,120.334703
22.66649235,120.32352471
22.649945,120.304623
22.644637,120.306264
22.636309,120.296755
22.642451,120.318019
22.65948235,120.32854471
22.665183,120.319529
22.646374,120.31774
22.63736235,120.30398471
22.637817,120.310819
22.643053,120.327205
22.642448,120.329104
22.645543,120.323973
22.648843,120.302374
22.636256,120.31794
22.642293,120.342275
22.646284,120.343045
22.641907,120.339954
22.669393,120.325606
22.651019,120.316973
22.658243,120.321653
22.666115,120.315904
22.674676,120.322193
22.642782,120.333546
22.647533,120.306813
22.6447585777778,120.344270073778
22.639032,120.34359
22.737695,120.331131
22.758464,120.337999
22.722605,120.304317
22.723351,120.298924
22.72373235,120.29989471
22.718025,120.295764
22.712162,120.289139
22.721368,120.301508
22.708394,120.29859
22.718289,120.31065
22.72720235,120.30989471
22.73716,120.337294
22.740087,120.324414
22.723613,120.293879
22.728657,120.318521
22.7199217826139,120.300643898322
22.71973,120.300737
22.721429,120.306355
22.721947,120.300497
22.738474,120.336037
22.72359235,120.27718471
22.719714,120.28758
22.726374,120.30375
22.731055,120.336959
22.729209,120.33144
22.722889,120.291338
22.56553235,120.34775471
22.56974,120.3467
22.562609,120.356121
22.569622,120.330386
22.5685029583144,120.352128039348
22.58451235,120.36119471
22.567046,120.3587
22.566636,120.354539
22.565065,120.351051
22.56816235,120.36379471
22.563097,120.333489
22.677324,120.302361
22.693368,120.298906
22.685486,120.290174
22.66689,120.304085
22.660303,120.310304
22.674971,120.308905
22.67667,120.305626
22.673119,120.313545
22.671436,120.287747
22.668216,120.299675
22.68548,120.315791
22.65810235,120.30671471
22.681921,120.304013
22.68872,120.319323
22.684072,120.309266
22.668902,120.308238
22.673103,120.297971
22.681829,120.320179
22.7002079623957,120.35108803965
22.692689,120.333217
22.696216,120.37439
22.676985,120.343685
22.680611,120.350981
22.681841,120.329342
22.68140235,120.35516471
22.701712,120.359161
22.731302,120.351193
22.78405,120.281208
22.803115,120.296287
22.794527,120.295613
22.791968,120.303437
22.796938,120.28563
22.789793,120.282698
22.822282,120.306327
22.87112,120.270756
22.865018,120.257103
22.857871,120.262129
22.838231,120.248951
22.882651,120.261091
22.878863,120.328391
22.793238,120.363433
22.763158,120.362156
22.765458,120.364455
22.763296,120.307587
22.754577,120.312446
22.732549,120.250233
22.760445,120.265995
22.780198,120.24958
22.831568,120.235078
22.887895,120.242768
22.909153,120.226694
22.873736,120.236975
22.594251,120.324229
22.628745,120.341741
22.628886,120.381323
22.627547,120.379314
22.625348,120.377196
22.599192,120.352751
22.61937,120.356191
22.601803,120.341542
22.587764,120.326999
22.59111,120.32733
22.593333,120.330558
22.623015,120.355985
22.629194,120.352745
22.620445,120.354243
22.596492,120.327083
22.643903,120.351693
22.634818,120.350036
22.601542,120.338805
22.603488,120.337177
22.60012,120.33417
22.610045,120.344297
22.619263,120.351834
22.613227,120.34909
22.61674,120.343494
22.626673,120.37368
22.612752,120.344146
22.612613,120.339605
22.625751,120.366809
22.639114,120.364722
22.608865,120.360328
22.588122,120.362662
22.6406972337137,120.366934708783
22.619529,120.373949
22.635169,120.362164
22.596751,120.338773
22.588625,120.358532
22.59508,120.330964
22.645411,120.35073
22.635121,120.392543
22.591647,120.413447
22.636415,120.394717
22.614051,120.405896
22.603831,120.391263
22.602889,120.396621
22.503366,120.392377
22.512843,120.394811
22.503976,120.397917
22.662389,120.362539
22.662785,120.35839
22.666973,120.373882
22.65682,120.338416
22.65822,120.392104
22.666836,120.409179
22.689598,120.431694
22.726331,120.406437
22.72973,120.40673
22.72973,120.40673
22.725028,120.403874
22.883606,120.484507
22.886357,120.529578
22.874935,120.19565
22.913101,120.185084
22.6814739589436,120.474944028025
22.688712,120.498547
22.674556,120.490467
22.665473,120.501745
22.670809,120.481353
22.673918,120.501542
22.661272,120.479067
22.668941,120.474496
22.682434,120.49303
22.671067,120.498823
22.656115,120.47696
22.666952,120.481099
22.682498,120.502065
22.67887,120.479548
22.674075,120.510653
22.66451,120.491167
22.687461,120.486176
22.684226,120.49768
22.680189,120.501851
22.655502,120.504495
22.732919,120.488924
22.733293,120.49022
22.777294,120.493158
22.739134,120.584364
22.754971,120.578106
22.702452,120.575545
22.696316,120.555999
22.673062,120.522546
22.651428,120.525846
22.586514,120.544293
22.611434,120.568815
22.610249,120.564675
22.619483,120.562967
22.640457,120.595591
22.5921,120.489099
22.553711,120.548448
22.553165,120.538983
22.551256,120.541853
22.549255,120.538471
22.545024,120.544045
22.572009,120.570742
22.513578,120.512568
22.467317,120.549695
22.4901,120.509008
22.491491,120.538129
22.433608,120.517198
22.465979,120.449213
22.474318,120.459133
22.471823,120.459293
22.467366,120.459347
22.468065,120.444735
22.460809,120.448541
22.478513,120.462588
22.431738,120.562764
22.481165,120.443788
22.387023,120.595957
22.363824,120.597585
22.295525,120.643812
22.070029,120.713574
22.004179,120.744296
22.002359,120.745387
22.009822,120.743766
21.946097,120.795282
21.944998,120.799207
24.766968,121.770332
24.745526,121.742127
24.746485,121.739715
24.755276,121.752237
24.76054,121.753386
24.768795,121.756162
24.73998745,121.75922925
24.758383,121.749491
24.755761,121.765995
24.757254,121.760736
24.754493,121.762817
24.73558803,121.74045879
24.7484079,121.73268416
24.754163,121.74498
24.74683,121.749526
24.748536,121.749855
24.75737883,121.75415887
24.858784,121.823093
24.839007,121.795064
24.856753,121.824839
24.941463,121.900605
24.826345,121.773377
24.827465,121.772392
24.818492,121.768739
24.746808,121.785007
24.77530009,121.78308968
24.720708,121.689111
24.746724,121.728586
24.749595,121.713305
24.674611,121.764464
24.668531,121.771957
24.672817,121.770188
24.67037001,121.755775
24.677964,121.759794
24.672134,121.776064
24.687945,121.765949
24.680853,121.769211
24.677431,121.768478
24.661815,121.621544
24.68853799,121.7911306
24.685047,121.797658
24.681816,121.776103
24.68423731,121.79499504
24.683422,121.826663
24.648514,121.828028
24.66608112,121.82291496
24.680469,121.793696
24.665703,121.773461
24.66291,121.766696
24.67132042,121.7525237
24.669513,121.747386
24.619717,121.834165
24.596011,121.851526
24.598715,121.834025
24.581985,121.864819
24.520344,121.832826
23.976449,121.609583
23.98363169,121.6044419
23.9865973,121.60160654
23.99486581,121.59570814
24.00042479,121.59154747
23.99574716,121.5922526
23.99574716,121.5922526
23.97503824,121.60374404
23.97940131,121.61027957
23.97765708,121.6077453
23.97302823,121.60115948
23.97212918,121.59929648
23.996428,121.625179
23.97915951,121.60587747
23.97923031,121.5990158
23.9819157,121.60637079
23.99614247,121.56538575
23.99226595,121.60531411
23.99068332,121.60534211
23.97198879,121.59391293
24.026675,121.630396
24.03651854,121.59065373
24.0085904,121.61588625
24.05170742,121.60493959
24.13133258,121.6440375
24.130588,121.645951
24.006684,121.613178
24.3074914039229,121.748641993496
23.98038358,121.56628286
23.96591002,121.59189867
23.97349369,121.58256901
23.98923065,121.59370128
23.97986408,121.58678459
23.99277288,121.57610936
23.96848,121.560116
23.892293,121.54523
23.84903836,121.4954849
23.90720134,121.5304003
23.49837762,121.37718668
23.495208,121.346908
23.338094,121.315266
22.7530891,121.1532355
22.7505499,121.1495299
22.7350838,121.1193766
22.7678682,121.1420038
22.7689028,121.1236197
22.7689612,121.1245165
22.7552026,121.1313509
22.7569316,121.1464593
22.7870994,121.161686
22.7854631,121.1155115
22.764835,121.13871
22.7060088,121.0401205
22.7602155,121.1390069
22.7653743,121.1437576
22.7503068,121.1356467
22.665958,121.470104
22.7822256,121.0869411
22.8574153,121.0920852
22.7991519,121.0689642
22.8013657,121.0944946
22.6932459,121.0146807
22.8963656,121.0955484
23.04502,121.162844
23.045862,121.163407
23.1245846,121.2210426
23.1010938,121.379544
22.6108905,121.0054327
22.4549301,120.9434784
22.2939999,120.8830889
23.574531,119.578127
23.56599,119.565472
23.57181,119.573991
23.567282,119.567633
23.362014,119.507396
23.196045,119.419531
23.665329,119.600133
23.739881,119.609046
23.584972,119.658961